1.55779 -0.5971 0.60553 -0.50501 -0.4975 -1.3966 -1.35936 -0.19761 1.18797 -1.26183 1.67304 -0.17614 -0.96708 2.27539 -0.94836 2.02483 -1.6699 1.53026 -3.65233 -3.01362 1.77496 0.51768 0.55958 -1.20881 -0.66301 -7.71199 -1.12368 2.87595 2.51252 0.51785 14.58355 1.6003 -2.15829 -0.05648 0.13911 0.48794 0.58238 0.36346 0.86953 0.13241 0.36134 1.40857 -0.56948 -0.76869 -0.61243 0.6784 0.62765 -1.38234 -0.93523 -0.23456
1.71075 -1.5576 1.03071 -0.71307 -0.37793 -1.2857 -1.52673 0.31865 1.29667 -0.98014 1.4848 0.13598 -1.28683 2.70402 -1.18342 1.82839 -1.15258 1.36785 -4.25563 -3.44748 1.15802 0.6373 0.39884 -1.27545 -0.15868 -7.89849 -0.40309 3.1247 3.36586 -0.09318 14.21025 2.0548 -1.54829 1.0625 0.18065 0.66437 -0.14464 0.67342 1.41413 0.06264 0.11581 2.06175 -0.12556 -0.2921 -0.54467 0.75699 0.86283 -2.15558 -0.92306 -0.37964
0.74115 0.19219 0.16764 0.86284 -1.35572 -1.89976 -0.60774 0.03695 1.14834 -1.69868 1.80999 -1.07902 -0.81183 2.45159 -0.80936 2.31274 -1.46991 1.57155 -2.68014 -2.38079 1.03772 0.42232 -0.33396 -0.71723 -1.12254 -5.32919 -0.79755 2.3356 1.75442 0.71561 11.03705 1.08187 -1.67982 0.65425 -0.23916 0.42758 0.8897 1.16228 0.95509 -0.06153 0.92862 0.42399 0.72079 -0.05108 0.12563 1.11387 0.61087 -1.67573 -1.24305 0.15594
0.87572 -2.38952 2.06227 -0.60482 -1.34538 -2.22171 -1.8299 0.19591 0.94062 -1.16403 1.90758 -0.72305 -1.51091 2.78163 -0.83194 2.82892 -2.08372 1.68953 -3.40781 -2.73914 2.31949 0.5184 -0.02412 -1.7257 -1.08131 -7.51299 0.36668 3.30035 3.38082 -0.33882 13.56425 1.52389 -1.26396 0.95081 -0.78497 0.54085 1.16212 -0.11659 2.00456 0.91682 -0.19969 1.04689 0.32067 -0.03838 -0.37753 0.94536 -0.10337 -1.99717 -1.38886 -0.85835
2.58854 2.92459 1.94752 0.65642 1.36879 -0.51914 0.89861 -2.81828 2.03121 -2.24385 3.26803 -1.11822 -0.89571 2.20976 0.35459 3.28978 -2.42405 0.47858 -6.9895 -4.47606 1.47505 -0.71477 2.15566 -2.36554 -1.47747 -10.94682 -3.50611 1.6959 3.02197 1.8728 28.00115 0.85595 -4.04747 -1.56902 1.41381 -0.11202 2.66091 1.15136 2.22657 1.19215 0.35897 1.43741 1.22095 0.08257 -2.94747 3.01205 2.55628 -2.63882 -1.55972 -1.05793
3.12963 2.59284 2.33026 -0.13603 1.30462 -0.45572 0.81779 -2.42268 2.0169 -1.99437 3.33121 -0.62167 -0.52005 1.93292 -0.26143 3.66236 -2.4714 1.04069 -6.80301 -4.73744 1.10662 -0.71084 2.8134 -1.91824 -1.05141 -11.55652 -3.92178 2.25385 3.69052 1.8699 27.57345 1.36998 -3.82376 -1.87441 1.35973 -0.43735 1.58391 0.85867 2.61568 0.99273 0.09907 1.65214 0.68411 0.38028 -2.85238 2.67198 2.30564 -2.77069 -1.44307 -0.63731
1.12683 0.46439 0.71195 -0.05216 1.55061 -0.29473 -1.5967 -1.58668 -0.40878 -0.17273 -0.16783 0.1324 -1.42983 1.2586 -0.65924 1.25023 -0.51856 0.7069 -3.25966 -3.67163 1.36133 0.50629 0.36424 -0.18338 0.6588 -7.7776 -1.84668 1.73156 2.13266 -1.09533 16.2224 0.61505 -1.82514 -1.62724 0.84165 -0.3413 0.30961 0.40615 -1.19737 -1.4501 0.4122 0.65154 -0.60021 -0.40358 0.02826 1.03756 0.85292 -1.76756 0.72545 0.13116
1.27979 -0.49611 1.13713 -0.26022 1.67018 -0.18383 -1.76407 -1.07042 -0.30007 0.10896 -0.35607 0.44453 -1.74958 1.68723 -0.8943 1.05379 -0.00124 0.54449 -3.86296 -4.10549 0.74439 0.62591 0.2035 -0.25002 1.16313 -7.9641 -1.12609 1.98031 2.986 -1.70636 15.8491 1.06955 -1.21514 -0.50826 0.88319 -0.16486 -0.41741 0.71611 -0.65277 -1.51987 0.16667 1.30472 -0.15629 0.07301 0.09602 1.11615 1.0881 -2.5408 0.73761 -0.01392
0.31019 1.25368 0.27406 1.31569 0.69239 -0.79789 -0.84508 -1.35212 -0.4484 -0.60958 -0.03088 -0.77048 -1.27458 1.4348 -0.52024 1.53814 -0.31857 0.74819 -2.28747 -3.0388 0.62409 0.41093 -0.5293 0.3082 0.19927 -5.3948 -1.52055 1.19121 1.37455 -0.89757 12.6759 0.09661 -1.34667 -0.91651 0.46338 -0.40166 0.61693 1.20497 -1.1118 -1.64404 0.97948 -0.33304 0.69006 0.31403 0.76632 1.47303 0.83614 -2.06095 0.41762 0.52166
0.44476 -1.32803 2.16869 -0.15197 0.70273 -1.11984 -2.06724 -1.19316 -0.65612 -0.07493 0.06671 -0.41451 -1.97366 1.76484 -0.54282 2.05432 -0.93238 0.86617 -3.01514 -3.39715 1.90586 0.50701 -0.21946 -0.70027 0.2405 -7.5786 -0.35632 2.15596 3.00096 -1.952 15.2031 0.53864 -0.93081 -0.61995 -0.08243 -0.28839 0.88935 -0.0739 -0.06233 -0.66569 -0.14883 0.28986 0.28994 0.32673 0.26316 1.30452 0.1219 -2.38239 0.27181 -0.49263
2.8873 3.81516 1.61664 2.07971 4.32531 0.61903 0.94297 -4.70284 -0.49503 -0.59949 1.85699 -0.21175 -1.59976 0.55605 0.65434 1.93207 -1.97578 -0.26804 -6.55443 -5.24967 -0.11662 -0.61682 0.65929 -2.10931 0.20317 -10.42368 -4.69256 0.44302 2.01627 -0.67794 27.7973 0.81444 -3.48457 -3.63325 2.04986 -0.61721 1.68489 0.13988 -1.58223 -1.11091 0.50562 1.23552 0.35395 0.08294 -2.92062 1.88683 3.16025 -2.98708 0.26874 -1.21131
3.42839 3.48341 1.99938 1.28726 4.26114 0.68245 0.86215 -4.30724 -0.50934 -0.35 1.92017 0.2848 -1.2241 0.27921 0.03831 2.30465 -2.02313 0.29407 -6.36794 -5.51105 -0.48505 -0.61289 1.31703 -1.66201 0.62923 -11.03338 -5.10823 1.00097 2.68482 -0.68084 27.3696 1.32847 -3.26086 -3.93864 1.99579 -0.94254 0.60789 -0.15281 -1.19312 -1.31033 0.24573 1.45025 -0.18289 0.38065 -2.82553 1.54676 2.90961 -3.11895 0.38539 -0.79069
1.5595 -0.36159 0.73502 -0.06305 0.54283 -1.04321 -1.55481 -0.6011 1.28033 -1.61936 0.43057 -0.18292 -1.2231 1.38378 0.39706 1.43381 -0.26522 -0.99229 -1.44147 -1.90933 1.31795 0.25589 1.01633 0.11511 0.08933 -6.25285 -0.67865 0.60891 0.21434 -0.54101 13.7109 0.25433 -2.40582 -1.81717 -0.66194 -0.11876 0.46338 -0.96703 -0.25357 -0.81121 -0.53633 0.05051 -0.22148 -0.28611 -0.71068 0.40363 0.83627 -0.28034 -0.11281 -1.31795
1.71246 -1.32209 1.1602 -0.27111 0.6624 -0.93231 -1.72218 -0.08484 1.38903 -1.33767 0.24233 0.12921 -1.54285 1.81241 0.162 1.23737 0.2521 -1.1547 -2.04477 -2.34319 0.70101 0.37551 0.85559 0.04847 0.59366 -6.43935 0.04194 0.85766 1.06768 -1.15204 13.3376 0.70883 -1.79582 -0.69819 -0.6204 0.05768 -0.26364 -0.65707 0.29104 -0.88098 -0.78186 0.70369 0.22244 0.19048 -0.64292 0.48222 1.07145 -1.05358 -0.10064 -1.46303
0.74286 0.4277 0.29713 1.3048 -0.31539 -1.54637 -0.80319 -0.36654 1.2407 -2.05621 0.56752 -1.0858 -1.06785 1.55998 0.53606 1.72172 -0.06523 -0.951 -0.46928 -1.2765 0.58071 0.16053 0.12279 0.60669 -0.3702 -3.87005 -0.35252 0.06856 -0.54377 -0.34325 10.1644 -0.26411 -1.92735 -1.10644 -1.04021 -0.17912 0.7707 -0.16821 -0.168 -1.00515 0.03095 -0.93407 1.06879 0.4315 0.02738 0.8391 0.81949 -0.57373 -0.42063 -0.92745
0.87743 -2.15401 2.19176 -0.16286 -0.30505 -1.86832 -2.02535 -0.20758 1.03298 -1.52156 0.66511 -0.72983 -1.76693 1.89002 0.51348 2.2379 -0.67904 -0.83302 -1.19695 -1.63485 1.86248 0.25661 0.43263 -0.40178 -0.32897 -6.05385 0.81171 1.03331 1.08264 -1.39768 12.6916 0.17792 -1.51149 -0.80988 -1.58602 -0.06585 1.04312 -1.44708 0.88147 -0.0268 -1.09736 -0.31117 0.66867 0.4442 -0.47578 0.6706 0.10525 -0.89517 -0.56644 -1.94174
3.05165 2.1023 1.75904 1.61472 2.47156 0.06967 -0.52194 -3.02347 1.39115 -2.69385 1.17689 -0.52689 -2.55293 0.59729 1.6132 1.25306 -0.49324 -1.67973 -3.53114 -2.18637 0.57719 -0.50798 1.08071 -0.89085 -0.98088 -9.52721 -2.77045 -1.56674 -0.64701 -0.87746 24.2558 -0.39232 -4.35802 -2.79888 0.16349 -0.28575 2.16386 -1.05312 -0.14392 -0.31286 -0.38974 -0.37111 1.18705 -0.10688 -2.26156 2.3042 1.2027 -1.39892 -0.69072 -2.45248
3.59274 1.77055 2.14178 0.82227 2.40739 0.13309 -0.60276 -2.62787 1.37684 -2.44436 1.24007 -0.03034 -2.17727 0.32045 0.99717 1.62564 -0.54059 -1.11762 -3.34465 -2.44775 0.20876 -0.50405 1.73845 -0.44355 -0.55482 -10.13691 -3.18612 -1.00879 0.02154 -0.88036 23.8281 0.12171 -4.13431 -3.10427 0.10942 -0.61108 1.08686 -1.34581 0.24519 -0.51228 -0.64964 -0.15637 0.65021 0.19083 -2.16647 1.96413 0.95206 -1.53079 -0.57407 -2.03186
2.5432 -0.4907 -0.13606 -0.69096 -0.38386 -1.87682 -0.9742 -0.19631 1.96537 -1.03893 1.23409 0.68817 -0.12385 1.85864 -1.61003 1.09077 -0.73435 1.04996 -4.82391 -2.65707 1.50778 0.43283 0.76002 -1.29199 -0.59617 -7.20164 -0.66076 2.51845 2.10907 0.92377 13.65889 1.21439 -2.36779 -0.34592 0.28903 0.17662 0.79592 -0.49376 -0.19804 0.16199 1.14352 1.3146 -0.29773 -0.54117 -1.04457 1.10113 -0.09234 -1.33556 -0.48248 -0.45987
2.69616 -1.4512 0.28912 -0.89902 -0.26429 -1.76592 -1.14157 0.31995 2.07407 -0.75724 1.04585 1.00029 -0.4436 2.28727 -1.84509 0.89433 -0.21703 0.88755 -5.42721 -3.09093 0.89084 0.55245 0.59928 -1.35863 -0.09184 -7.38814 0.05983 2.7672 2.96241 0.31274 13.28559 1.66889 -1.75779 0.77306 0.33058 0.35305 0.0689 -0.1838 0.34656 0.09222 0.89799 1.96778 0.14619 -0.06458 -0.97681 1.17972 0.14284 -2.1088 -0.47031 -0.60495
1.72656 0.29859 -0.57395 0.67689 -1.24208 -2.37998 -0.22258 0.03825 1.92574 -1.47578 1.37104 -0.21471 0.0314 2.03484 -1.47103 1.37868 -0.53436 1.09125 -3.85172 -2.02424 0.77054 0.33747 -0.13352 -0.80041 -1.0557 -4.81884 -0.33463 1.9781 1.35096 1.12153 10.11239 0.69595 -1.88932 0.36481 -0.08923 0.11626 1.10324 0.30506 -0.11248 -0.03195 1.7108 0.33002 0.99254 0.17644 -0.30651 1.5366 -0.10912 -1.62895 -0.7903 -0.06937
1.86113 -2.28312 1.32068 -0.79077 -1.23174 -2.70193 -1.44474 0.19721 1.71802 -0.94113 1.46863 0.14126 -0.66768 2.36488 -1.49361 1.89486 -1.14817 1.20923 -4.57939 -2.38259 2.05231 0.43355 0.17633 -1.80888 -1.01447 -7.00264 0.8296 2.94285 2.97737 0.0671 12.63959 1.13798 -1.47346 0.66137 -0.63504 0.22953 1.37566 -0.97381 0.93699 0.9464 0.58249 0.95292 0.59242 0.18914 -0.80967 1.36809 -0.82336 -1.95039 -0.93611 -1.08366
4.03535 1.97319 0.88796 0.98681 1.54487 -0.76394 0.05867 -2.61868 2.07619 -2.11342 1.98041 0.3442 -1.45368 1.07215 -0.39389 0.91002 -0.96237 0.36252 -6.91358 -2.93411 0.76702 -0.33104 0.8244 -2.29795 -1.66638 -10.476 -2.75256 0.3428 1.24772 0.58732 24.20379 0.56774 -4.31999 -1.32763 1.11447 0.00962 2.4964 -0.57985 -0.0884 0.66035 1.29011 0.89298 1.1108 -0.36193 -2.59545 3.0017 0.27409 -2.45414 -1.06039 -1.5944
4.57644 1.64144 1.2707 0.19436 1.4807 -0.70052 -0.02215 -2.22308 2.06188 -1.86393 2.04359 0.84075 -1.07802 0.79531 -1.00992 1.2826 -1.00972 0.92463 -6.72709 -3.19549 0.39859 -0.32711 1.48214 -1.85065 -1.24032 -11.0857 -3.16823 0.90075 1.91627 0.58442 23.77609 1.08177 -4.09628 -1.63302 1.06039 -0.31571 1.4194 -0.87254 0.30071 0.46093 1.03021 1.10771 0.57396 -0.06422 -2.50036 2.66163 0.02345 -2.58601 -0.94374 -1.17378
1.55779 -0.5971 0.60553 -0.50501 -0.4975 -1.3966 -1.35936 -0.19761 1.18797 -1.26183 1.67304 -0.17614 -0.96708 2.27539 -0.94836 2.02483 -1.6699 1.53026 -3.65233 -3.01362 1.77496 0.51768 0.55958 -1.20881 -0.66301 -7.71199 -1.12368 2.87595 2.51252 0.51785 14.58355 1.6003 -2.15829 -0.05648 0.13911 0.48794 0.58238 0.36346 0.86953 0.13241 0.36134 1.40857 -0.56948 -0.76869 -0.61243 0.6784 0.62765 -1.38234 -0.93523 -0.23456
1.71075 -1.5576 1.03071 -0.71307 -0.37793 -1.2857 -1.52673 0.31865 1.29667 -0.98014 1.4848 0.13598 -1.28683 2.70402 -1.18342 1.82839 -1.15258 1.36785 -4.25563 -3.44748 1.15802 0.6373 0.39884 -1.27545 -0.15868 -7.89849 -0.40309 3.1247 3.36586 -0.09318 14.21025 2.0548 -1.54829 1.0625 0.18065 0.66437 -0.14464 0.67342 1.41413 0.06264 0.11581 2.06175 -0.12556 -0.2921 -0.54467 0.75699 0.86283 -2.15558 -0.92306 -0.37964
0.74115 0.19219 0.16764 0.86284 -1.35572 -1.89976 -0.60774 0.03695 1.14834 -1.69868 1.80999 -1.07902 -0.81183 2.45159 -0.80936 2.31274 -1.46991 1.57155 -2.68014 -2.38079 1.03772 0.42232 -0.33396 -0.71723 -1.12254 -5.32919 -0.79755 2.3356 1.75442 0.71561 11.03705 1.08187 -1.67982 0.65425 -0.23916 0.42758 0.8897 1.16228 0.95509 -0.06153 0.92862 0.42399 0.72079 -0.05108 0.12563 1.11387 0.61087 -1.67573 -1.24305 0.15594
0.87572 -2.38952 2.06227 -0.60482 -1.34538 -2.22171 -1.8299 0.19591 0.94062 -1.16403 1.90758 -0.72305 -1.51091 2.78163 -0.83194 2.82892 -2.08372 1.68953 -3.40781 -2.73914 2.31949 0.5184 -0.02412 -1.7257 -1.08131 -7.51299 0.36668 3.30035 3.38082 -0.33882 13.56425 1.52389 -1.26396 0.95081 -0.78497 0.54085 1.16212 -0.11659 2.00456 0.91682 -0.19969 1.04689 0.32067 -0.03838 -0.37753 0.94536 -0.10337 -1.99717 -1.38886 -0.85835
2.58854 2.92459 1.94752 0.65642 1.36879 -0.51914 0.89861 -2.81828 2.03121 -2.24385 3.26803 -1.11822 -0.89571 2.20976 0.35459 3.28978 -2.42405 0.47858 -6.9895 -4.47606 1.47505 -0.71477 2.15566 -2.36554 -1.47747 -10.94682 -3.50611 1.6959 3.02197 1.8728 28.00115 0.85595 -4.04747 -1.56902 1.41381 -0.11202 2.66091 1.15136 2.22657 1.19215 0.35897 1.43741 1.22095 0.08257 -2.94747 3.01205 2.55628 -2.63882 -1.55972 -1.05793
3.12963 2.59284 2.33026 -0.13603 1.30462 -0.45572 0.81779 -2.42268 2.0169 -1.99437 3.33121 -0.62167 -0.52005 1.93292 -0.26143 3.66236 -2.4714 1.04069 -6.80301 -4.73744 1.10662 -0.71084 2.8134 -1.91824 -1.05141 -11.55652 -3.92178 2.25385 3.69052 1.8699 27.57345 1.36998 -3.82376 -1.87441 1.35973 -0.43735 1.58391 0.85867 2.61568 0.99273 0.09907 1.65214 0.68411 0.38028 -2.85238 2.67198 2.30564 -2.77069 -1.44307 -0.63731
1.12683 0.46439 0.71195 -0.05216 1.55061 -0.29473 -1.5967 -1.58668 -0.40878 -0.17273 -0.16783 0.1324 -1.42983 1.2586 -0.65924 1.25023 -0.51856 0.7069 -3.25966 -3.67163 1.36133 0.50629 0.36424 -0.18338 0.6588 -7.7776 -1.84668 1.73156 2.13266 -1.09533 16.2224 0.61505 -1.82514 -1.62724 0.84165 -0.3413 0.30961 0.40615 -1.19737 -1.4501 0.4122 0.65154 -0.60021 -0.40358 0.02826 1.03756 0.85292 -1.76756 0.72545 0.13116
1.27979 -0.49611 1.13713 -0.26022 1.67018 -0.18383 -1.76407 -1.07042 -0.30007 0.10896 -0.35607 0.44453 -1.74958 1.68723 -0.8943 1.05379 -0.00124 0.54449 -3.86296 -4.10549 0.74439 0.62591 0.2035 -0.25002 1.16313 -7.9641 -1.12609 1.98031 2.986 -1.70636 15.8491 1.06955 -1.21514 -0.50826 0.88319 -0.16486 -0.41741 0.71611 -0.65277 -1.51987 0.16667 1.30472 -0.15629 0.07301 0.09602 1.11615 1.0881 -2.5408 0.73761 -0.01392
0.31019 1.25368 0.27406 1.31569 0.69239 -0.79789 -0.84508 -1.35212 -0.4484 -0.60958 -0.03088 -0.77048 -1.27458 1.4348 -0.52024 1.53814 -0.31857 0.74819 -2.28747 -3.0388 0.62409 0.41093 -0.5293 0.3082 0.19927 -5.3948 -1.52055 1.19121 1.37455 -0.89757 12.6759 0.09661 -1.34667 -0.91651 0.46338 -0.40166 0.61693 1.20497 -1.1118 -1.64404 0.97948 -0.33304 0.69006 0.31403 0.76632 1.47303 0.83614 -2.06095 0.41762 0.52166
0.44476 -1.32803 2.16869 -0.15197 0.70273 -1.11984 -2.06724 -1.19316 -0.65612 -0.07493 0.06671 -0.41451 -1.97366 1.76484 -0.54282 2.05432 -0.93238 0.86617 -3.01514 -3.39715 1.90586 0.50701 -0.21946 -0.70027 0.2405 -7.5786 -0.35632 2.15596 3.00096 -1.952 15.2031 0.53864 -0.93081 -0.61995 -0.08243 -0.28839 0.88935 -0.0739 -0.06233 -0.66569 -0.14883 0.28986 0.28994 0.32673 0.26316 1.30452 0.1219 -2.38239 0.27181 -0.49263
2.8873 3.81516 1.61664 2.07971 4.32531 0.61903 0.94297 -4.70284 -0.49503 -0.59949 1.85699 -0.21175 -1.59976 0.55605 0.65434 1.93207 -1.97578 -0.26804 -6.55443 -5.24967 -0.11662 -0.61682 0.65929 -2.10931 0.20317 -10.42368 -4.69256 0.44302 2.01627 -0.67794 27.7973 0.81444 -3.48457 -3.63325 2.04986 -0.61721 1.68489 0.13988 -1.58223 -1.11091 0.50562 1.23552 0.35395 0.08294 -2.92062 1.88683 3.16025 -2.98708 0.26874 -1.21131
3.42839 3.48341 1.99938 1.28726 4.26114 0.68245 0.86215 -4.30724 -0.50934 -0.35 1.92017 0.2848 -1.2241 0.27921 0.03831 2.30465 -2.02313 0.29407 -6.36794 -5.51105 -0.48505 -0.61289 1.31703 -1.66201 0.62923 -11.03338 -5.10823 1.00097 2.68482 -0.68084 27.3696 1.32847 -3.26086 -3.93864 1.99579 -0.94254 0.60789 -0.15281 -1.19312 -1.31033 0.24573 1.45025 -0.18289 0.38065 -2.82553 1.54676 2.90961 -3.11895 0.38539 -0.79069
1.63494 0.90431 -0.58288 0.05036 1.99413 -0.86984 -2.11746 -1.6717 1.82931 -1.31773 0.31586 0.20206 -0.3026 1.13468 0.72786 1.49392 -0.2721 -0.90543 -1.64682 -2.77031 1.41802 -0.49897 1.49858 -0.21742 -0.14858 -6.0794 -0.18088 1.49652 0.30381 -1.10318 15.5644 0.24878 -1.94737 -1.27774 -0.33724 0.31603 0.43613 -0.51959 -0.5287 -0.82736 -1.04657 -0.05062 -1.03133 -0.60182 0.87102 0.61413 0.65187 -2.00694 -0.02012 -1.87491
1.7879 -0.05619 -0.1577 -0.1577 2.1137 -0.75894 -2.28483 -1.15544 1.93801 -1.03604 0.12762 0.51419 -0.62235 1.56331 0.4928 1.29748 0.24522 -1.06784 -2.25012 -3.20417 0.80108 -0.37935 1.33784 -0.28406 0.35575 -6.2659 0.53971 1.74527 1.15715 -1.71421 15.1911 0.70328 -1.33737 -0.15876 -0.2957 0.49247 -0.29089 -0.20963 0.0159 -0.89714 -1.2921 0.60256 -0.58741 -0.12523 0.93878 0.69272 0.88705 -2.78018 -0.00795 -2.01999
0.8183 1.6936 -1.02077 1.41821 1.13591 -1.373 -1.36584 -1.43714 1.78968 -1.75458 0.45281 -0.70082 -0.14735 1.31088 0.86686 1.78183 -0.07211 -0.86414 -0.67463 -2.13748 0.68078 -0.59433 0.60504 0.27416 -0.60811 -3.6966 0.14525 0.95617 -0.45429 -0.90542 12.0179 -0.26965 -1.4689 -0.56701 -0.71551 0.25567 0.74345 0.27923 -0.44314 -1.0213 -0.47929 -1.0352 0.25894 0.11579 1.60908 1.0496 0.63509 -2.30033 -0.32795 -1.48441
0.95287 -0.88811 0.87386 -0.04945 1.14625 -1.69495 -2.588 -1.27818 1.58196 -1.21993 0.5504 -0.34485 -0.84643 1.64092 0.84428 2.29801 -0.68592 -0.74616 -1.4023 -2.49583 1.96255 -0.49825 0.91488 -0.73431 -0.56688 -5.8804 1.30948 1.92092 1.17211 -1.95985 14.5451 0.17237 -1.05304 -0.27045 -1.26132 0.36894 1.01587 -0.99964 0.60633 -0.04295 -1.6076 -0.4123 -0.14118 0.12849 1.10592 0.8811 -0.07915 -2.62177 -0.47376 -2.4987
2.20341 3.78683 0.83222 1.29339 3.06301 -0.95226 0.12601 -4.06784 2.53499 -1.6291 1.77546 -1.06245 -0.26823 0.30393 1.72437 2.58607 -0.6962 -1.73471 -4.59913 -4.27665 -0.14403 -0.89994 2.5142 -1.9386 -0.90228 -8.94754 -2.15464 0.06367 0.74246 0.30347 27.8648 0.303 -3.5412 -3.105 0.705 0.06009 2.26914 -0.03962 0.66654 -0.09146 -1.48919 0.25369 1.00874 0.56839 -0.84265 3.01062 1.60547 -4.07218 -0.45623 -2.79865
2.7445 3.45508 1.21496 0.50094 2.99884 -0.88884 0.04519 -3.67224 2.52068 -1.37961 1.83864 -0.5659 0.10743 0.02709 1.10834 2.95865 -0.74355 -1.1726 -4.41264 -4.53803 -0.51246 -0.89602 3.17194 -1.4913 -0.47622 -9.55724 -2.57031 0.62162 1.41101 0.30057 27.4371 0.81703 -3.31749 -3.41039 0.65093 -0.26524 1.19214 -0.33231 1.05564 -0.29088 -1.74909 0.46843 0.4719 0.8661 -0.74756 2.67055 1.35483 -4.20405 -0.33958 -2.37803
2.23563 0.29108 1.54745 -1.45095 -0.71138 0.15227 -1.54194 -0.13272 1.23495 -0.01205 0.51417 0.17334 0.39538 0.604 0.04535 2.01501 1.16576 1.23027 -3.27618 -3.63572 2.62119 -1.08857 1.75448 -1.29915 0.80484 -7.24845 0.32029 2.64586 1.79012 -0.22051 17.0494 0.72997 -1.93229 0.12256 -0.1962 0.84198 0.40861 0.51983 2.73239 -0.30364 -0.28912 0.28044 -0.68144 0.22262 -0.5792 0.69919 0.23877 -1.5404 0.87842 -2.52655
2.38859 -0.66942 1.97263 -1.65901 -0.59181 0.26317 -1.70931 0.38354 1.34365 0.26964 0.32593 0.48547 0.07563 1.03263 -0.18971 1.81857 1.68308 1.06786 -3.87948 -4.06958 2.00425 -0.96894 1.59373 -1.36579 1.30917 -7.43495 1.04088 2.89461 2.64346 -0.83154 16.6761 1.18447 -1.32229 1.24154 -0.15466 1.01842 -0.31841 0.82979 3.277 -0.37341 -0.53465 0.93362 -0.23752 0.69921 -0.51144 0.77778 0.47395 -2.31364 0.89059 -2.67163
1.41899 1.08037 1.10956 -0.0831 -1.5696 -0.35089 -0.79032 0.10184 1.19532 -0.4489 0.65112 -0.72954 0.55063 0.7802 0.18435 2.30292 1.36575 1.27156 -2.30399 -3.00289 1.88395 -1.18392 0.86094 -0.80757 0.34531 -4.86565 0.64642 2.10551 1.03201 -0.02275 13.5029 0.21154 -1.45381 0.83329 -0.57447 0.78162 0.71593 1.31865 2.81796 -0.49758 0.27816 -0.70414 0.60883 0.94023 0.15886 1.13466 0.22199 -1.83379 0.5706 -2.13605
1.55356 -1.50134 3.00419 -1.55076 -1.55926 -0.67284 -2.01248 0.2608 0.9876 0.08575 0.74871 -0.37357 -0.14845 1.11024 0.16177 2.8191 0.75194 1.38954 -3.03166 -3.36124 3.16572 -1.08784 1.17078 -1.81604 0.38654 -7.04945 1.81065 3.07026 2.65842 -1.07718 16.0301 0.65356 -1.03795 1.12985 -1.12028 0.89489 0.98835 0.03978 3.86743 0.48077 -0.85015 -0.08124 0.20871 0.95293 -0.3443 0.96615 -0.49225 -2.15523 0.42479 -3.15034
2.8041 3.1736 2.96255 -0.20792 0.3575 0.06985 0.70153 -2.52886 1.94063 -0.32342 1.97377 -1.09117 0.42975 -0.22675 1.04186 3.10716 0.74167 0.40099 -6.22849 -5.14206 1.05914 -1.48953 2.7701 -3.02033 0.05114 -10.11659 -1.65347 1.21301 2.22877 1.18614 29.3498 0.78419 -3.52611 -1.7047 0.84604 0.58604 2.24162 0.9998 3.92764 0.43227 -0.73174 0.58475 1.35863 1.39284 -2.29287 3.09568 1.19237 -3.60564 0.44231 -3.45029
3.34519 2.84185 3.34529 -1.00037 0.29333 0.13327 0.62071 -2.13326 1.92632 -0.07394 2.03695 -0.59462 0.80541 -0.50359 0.42583 3.47974 0.69432 0.9631 -6.042 -5.40344 0.69071 -1.48561 3.42784 -2.57303 0.4772 -10.72629 -2.06914 1.77096 2.89732 1.18324 28.9221 1.29822 -3.3024 -2.01009 0.79196 0.26071 1.16462 0.70711 4.31675 0.23285 -0.99164 0.79949 0.82179 1.69055 -2.19778 2.75561 0.94173 -3.73751 0.55896 -3.02967
2.53081 1.88639 -1.75228 0.29952 2.19997 -0.23476 -1.27722 -1.14551 1.99419 -1.83794 3.54311 0.36573 -1.12107 0.71547 0.20717 2.96555 -0.55153 2.10405 -3.32016 -2.04358 -0.5397 -0.24631 -0.60071 -1.10244 -0.71979 -13.69259 -5.12046 2.40719 1.91959 0.97614 25.37355 0.02355 -2.90989 -3.0002 0.37956 -0.1452 0.46923 0.04041 0.608 -0.41151 -0.94719 1.09263 -0.50106 0.21994 -2.75689 0.90597 -0.31973 -0.65494 -1.36264 -0.1311
1.72286 0.26575 -0.39703 0.35804 -0.09158 -0.90526 -1.12423 -1.06306 1.60895 -1.34395 2.36871 -0.14212 -0.6231 1.664 -0.82998 2.23341 -1.51102 2.40701 -3.61887 -2.06345 1.02236 0.30223 0.14245 -0.93618 -0.82011 -7.93889 -1.38151 3.38826 1.84057 0.72102 15.17825 0.3711 -1.85949 -0.36829 0.20114 0.30864 1.15774 0.38022 0.96478 0.43347 0.59352 1.53792 -0.71097 -0.93454 -0.88992 0.70425 0.33551 -1.14199 -0.66096 0.33979
1.87582 -0.69475 0.02815 0.14998 0.02799 -0.79436 -1.2916 -0.5468 1.71765 -1.06226 2.18047 0.17 -0.94285 2.09263 -1.06504 2.03697 -0.9937 2.2446 -4.22217 -2.49731 0.40542 0.42185 -0.01829 -1.00282 -0.31578 -8.12539 -0.66092 3.63701 2.69391 0.10999 14.80495 0.8256 -1.24949 0.75069 0.24269 0.48507 0.43072 0.69018 1.50938 0.3637 0.348 2.1911 -0.26705 -0.45795 -0.82216 0.78284 0.57069 -1.91523 -0.64879 0.19471
2.09985 2.94788 -1.64586 0.75237 4.24808 0.86711 -1.51456 -2.53458 0.39745 -0.74884 1.70224 0.67427 -1.58382 -0.30132 0.49629 2.19095 0.5998 1.28069 -2.92749 -2.70159 -0.95333 -0.2577 -0.79605 -0.07701 0.60202 -13.7582 -5.84346 1.2628 1.53973 -0.63704 27.0124 -0.96171 -2.57674 -4.57096 1.0821 -0.97443 0.19646 0.0831 -1.45889 -1.99401 -0.89633 0.3356 -0.53179 0.58505 -2.1162 1.26513 -0.09446 -1.04016 0.29803 0.23462
1.2919 1.32724 -0.29061 0.81089 1.95653 0.19661 -1.36157 -2.45213 0.0122 -0.25485 0.52784 0.16642 -1.08585 0.64721 -0.54086 1.45881 -0.35968 1.58365 -3.2262 -2.72146 0.60873 0.29084 -0.05289 0.08925 0.5017 -8.0045 -2.10451 2.24387 1.46071 -0.89216 16.8171 -0.61415 -1.52634 -1.93905 0.90368 -0.5206 0.88497 0.42291 -1.10211 -1.14904 0.64438 0.78089 -0.7417 -0.56943 -0.24923 1.06341 0.56078 -1.52721 0.99971 0.70551
1.44486 0.36674 0.13457 0.60283 2.0761 0.30751 -1.52894 -1.93587 0.12091 0.02684 0.3396 0.47855 -1.4056 1.07584 -0.77592 1.26237 0.15764 1.42124 -3.8295 -3.15532 -0.00821 0.41046 -0.21363 0.02261 1.00603 -8.191 -1.38392 2.49262 2.31405 -1.50319 16.4438 -0.15965 -0.91634 -0.82007 0.94523 -0.34416 0.15795 0.73287 -0.55751 -1.21881 0.39886 1.43407 -0.29778 -0.09284 -0.18147 1.142 0.79596 -2.30045 1.01188 0.56043
2.53252 2.1219 -1.62279 0.74148 3.2403 0.11863 -1.47267 -1.549 2.08655 -2.19547 2.30064 0.35895 -1.37709 -0.17614 1.55259 2.37453 0.85314 -0.4185 -1.1093 -0.93929 -0.99671 -0.5081 -0.14396 0.22148 0.03255 -12.23345 -4.67543 0.14015 -0.37859 -0.08272 24.5009 -1.32242 -3.15742 -4.76089 -0.42149 -0.75189 0.35023 -1.29008 -0.51509 -1.35513 -1.84486 -0.26543 -0.15306 0.70251 -2.85514 0.6312 -0.11111 0.44706 -0.54022 -1.21449
1.72457 0.50126 -0.26754 0.8 0.94875 -0.55187 -1.31968 -1.46655 1.70131 -1.70148 1.12624 -0.1489 -0.87912 0.77239 0.51544 1.64239 -0.10634 -0.11554 -1.40801 -0.95916 0.56535 0.04044 0.5992 0.38774 -0.06777 -6.47975 -0.93648 1.12122 -0.45761 -0.33784 14.3056 -0.97487 -2.10702 -2.12898 -0.59991 -0.29806 1.03874 -0.95027 -0.15831 -0.51015 -0.30414 0.17986 -0.36297 -0.45196 -0.98817 0.42948 0.54413 -0.03999 0.16146 -0.7436
1.87753 -0.45924 0.15764 0.59194 1.06832 -0.44097 -1.48705 -0.95029 1.81001 -1.41979 0.938 0.16323 -1.19887 1.20102 0.28038 1.44595 0.41098 -0.27795 -2.01131 -1.39302 -0.05159 0.16006 0.43846 0.3211 0.43656 -6.66625 -0.21589 1.36997 0.39573 -0.94887 13.9323 -0.52037 -1.49702 -1.01 -0.55836 -0.12162 0.31172 -0.64031 0.38629 -0.57992 -0.54967 0.83304 0.08095 0.02463 -0.92041 0.50807 0.77931 -0.81323 0.17363 -0.88868
3.51622 1.99279 -2.49387 0.11357 2.31361 -0.71498 -0.89206 -1.14421 2.77159 -1.61504 3.10416 1.23004 -0.27784 0.29872 -0.4545 2.03149 0.38401 1.62375 -4.49174 -1.68703 -0.80688 -0.33116 -0.40027 -1.18562 -0.65295 -13.18224 -4.65754 2.04969 1.51614 1.38206 24.44889 -0.36236 -3.11939 -3.28964 0.52948 -0.45652 0.68277 -0.81681 -0.45957 -0.38192 -0.16501 0.99866 -0.22931 0.44746 -3.18903 1.3287 -1.03972 -0.60816 -0.90989 -0.35641
2.70827 0.37215 -1.13862 0.17209 0.02206 -1.38548 -0.73907 -1.06176 2.38635 -1.12105 1.92976 0.72219 0.22013 1.24725 -1.49165 1.29935 -0.57547 1.92671 -4.79045 -1.7069 0.75518 0.21738 0.34289 -1.01936 -0.75327 -7.42854 -0.91859 3.03076 1.43712 1.12694 14.25359 -0.01481 -2.06899 -0.65773 0.35107 -0.00268 1.37128 -0.477 -0.10279 0.46305 1.3757 1.44395 -0.43922 -0.70702 -1.32206 1.12698 -0.38448 -1.09521 -0.20821 0.11448
2.86123 -0.58835 -0.71344 -0.03597 0.14163 -1.27458 -0.90644 -0.5455 2.49505 -0.83936 1.74152 1.03431 -0.09962 1.67588 -1.72671 1.10291 -0.05815 1.7643 -5.39375 -2.14076 0.13824 0.337 0.18215 -1.086 -0.24894 -7.61504 -0.198 3.27951 2.29046 0.51591 13.88029 0.43969 -1.45899 0.46125 0.39261 0.17375 0.64426 -0.16704 0.44181 0.39328 1.13018 2.09713 0.0047 -0.23043 -1.2543 1.20557 -0.1493 -1.86845 -0.19604 -0.0306
2.53081 1.88639 -1.75228 0.29952 2.19997 -0.23476 -1.27722 -1.14551 1.99419 -1.83794 3.54311 0.36573 -1.12107 0.71547 0.20717 2.96555 -0.55153 2.10405 -3.32016 -2.04358 -0.5397 -0.24631 -0.60071 -1.10244 -0.71979 -13.69259 -5.12046 2.40719 1.91959 0.97614 25.37355 0.02355 -2.90989 -3.0002 0.37956 -0.1452 0.46923 0.04041 0.608 -0.41151 -0.94719 1.09263 -0.50106 0.21994 -2.75689 0.90597 -0.31973 -0.65494 -1.36264 -0.1311
1.72286 0.26575 -0.39703 0.35804 -0.09158 -0.90526 -1.12423 -1.06306 1.60895 -1.34395 2.36871 -0.14212 -0.6231 1.664 -0.82998 2.23341 -1.51102 2.40701 -3.61887 -2.06345 1.02236 0.30223 0.14245 -0.93618 -0.82011 -7.93889 -1.38151 3.38826 1.84057 0.72102 15.17825 0.3711 -1.85949 -0.36829 0.20114 0.30864 1.15774 0.38022 0.96478 0.43347 0.59352 1.53792 -0.71097 -0.93454 -0.88992 0.70425 0.33551 -1.14199 -0.66096 0.33979
1.87582 -0.69475 0.02815 0.14998 0.02799 -0.79436 -1.2916 -0.5468 1.71765 -1.06226 2.18047 0.17 -0.94285 2.09263 -1.06504 2.03697 -0.9937 2.2446 -4.22217 -2.49731 0.40542 0.42185 -0.01829 -1.00282 -0.31578 -8.12539 -0.66092 3.63701 2.69391 0.10999 14.80495 0.8256 -1.24949 0.75069 0.24269 0.48507 0.43072 0.69018 1.50938 0.3637 0.348 2.1911 -0.26705 -0.45795 -0.82216 0.78284 0.57069 -1.91523 -0.64879 0.19471
2.09985 2.94788 -1.64586 0.75237 4.24808 0.86711 -1.51456 -2.53458 0.39745 -0.74884 1.70224 0.67427 -1.58382 -0.30132 0.49629 2.19095 0.5998 1.28069 -2.92749 -2.70159 -0.95333 -0.2577 -0.79605 -0.07701 0.60202 -13.7582 -5.84346 1.2628 1.53973 -0.63704 27.0124 -0.96171 -2.57674 -4.57096 1.0821 -0.97443 0.19646 0.0831 -1.45889 -1.99401 -0.89633 0.3356 -0.53179 0.58505 -2.1162 1.26513 -0.09446 -1.04016 0.29803 0.23462
1.2919 1.32724 -0.29061 0.81089 1.95653 0.19661 -1.36157 -2.45213 0.0122 -0.25485 0.52784 0.16642 -1.08585 0.64721 -0.54086 1.45881 -0.35968 1.58365 -3.2262 -2.72146 0.60873 0.29084 -0.05289 0.08925 0.5017 -8.0045 -2.10451 2.24387 1.46071 -0.89216 16.8171 -0.61415 -1.52634 -1.93905 0.90368 -0.5206 0.88497 0.42291 -1.10211 -1.14904 0.64438 0.78089 -0.7417 -0.56943 -0.24923 1.06341 0.56078 -1.52721 0.99971 0.70551
1.44486 0.36674 0.13457 0.60283 2.0761 0.30751 -1.52894 -1.93587 0.12091 0.02684 0.3396 0.47855 -1.4056 1.07584 -0.77592 1.26237 0.15764 1.42124 -3.8295 -3.15532 -0.00821 0.41046 -0.21363 0.02261 1.00603 -8.191 -1.38392 2.49262 2.31405 -1.50319 16.4438 -0.15965 -0.91634 -0.82007 0.94523 -0.34416 0.15795 0.73287 -0.55751 -1.21881 0.39886 1.43407 -0.29778 -0.09284 -0.18147 1.142 0.79596 -2.30045 1.01188 0.56043
2.60796 3.3878 -2.94069 0.85489 4.6916 0.292 -2.03532 -2.6196 2.63553 -1.89384 2.18593 0.74393 -0.45659 -0.42524 1.88339 2.43464 0.84626 -0.33164 -1.31465 -1.80027 -0.89664 -1.26296 0.33829 -0.11105 -0.20536 -12.06 -4.17766 1.02776 -0.28912 -0.64489 26.3544 -1.32797 -2.69897 -4.22146 -0.09679 -0.3171 0.32298 -0.84264 -0.79023 -1.37128 -2.3551 -0.36656 -0.96291 0.3868 -1.27344 0.8417 -0.29551 -1.27954 -0.44753 -1.77145
1.80001 1.76716 -1.58544 0.91341 2.40005 -0.3785 -1.88233 -2.53715 2.25029 -1.39985 1.01153 0.23608 0.04138 0.52329 0.84624 1.7025 -0.11322 -0.02868 -1.61336 -1.82014 0.66542 -0.71442 1.08145 0.05521 -0.30568 -6.3063 -0.43871 2.00883 -0.36814 -0.90001 16.1591 -0.98042 -1.64857 -1.58955 -0.27521 0.13673 1.01149 -0.50283 -0.43345 -0.5263 -0.81439 0.07873 -1.17282 -0.76767 0.59353 0.63998 0.35973 -1.76659 0.25415 -1.30056
1.95297 0.80666 -1.16026 0.70535 2.51962 -0.2676 -2.0497 -2.02089 2.35899 -1.11816 0.82329 0.54821 -0.27837 0.95192 0.61118 1.50606 0.4041 -0.19109 -2.21666 -2.254 0.04848 -0.5948 0.92071 -0.01143 0.19865 -6.4928 0.28188 2.25758 0.4852 -1.51104 15.7858 -0.52592 -1.03857 -0.47057 -0.23366 0.31317 0.28447 -0.19287 0.11115 -0.59607 -1.05991 0.73191 -0.7289 -0.29108 0.66129 0.71857 0.59491 -2.53983 0.26631 -1.44564
3.20865 2.77457 -0.81036 -0.64642 1.98609 1.31411 -1.4598 -1.08062 2.04117 -0.58816 2.38424 0.71521 0.24139 -0.95592 1.20088 2.95573 2.28412 1.80406 -2.94401 -2.66568 0.30653 -1.85255 0.59418 -1.19278 0.74806 -13.22905 -3.67649 2.1771 1.19719 0.23778 27.8394 -0.84678 -2.68389 -2.82116 0.04425 0.20885 0.29546 0.19678 2.47087 -0.84755 -1.59765 -0.0355 -0.61302 1.21125 -2.72366 0.92676 -0.70861 -0.813 0.45101 -2.42309
2.4007 1.15393 0.54489 -0.5879 -0.30546 0.64361 -1.30681 -0.99817 1.65593 -0.09417 1.20984 0.20736 0.73936 -0.00739 0.16373 2.22359 1.32464 2.10702 -3.24272 -2.68555 1.86859 -1.30401 1.33734 -1.02652 0.64774 -7.47535 0.06246 3.15817 1.11817 -0.01734 17.6441 -0.49923 -1.63348 -0.18925 -0.13417 0.66268 0.98397 0.53659 2.82765 -0.00258 -0.05694 0.40979 -0.82293 0.05677 -0.85669 0.72504 -0.05337 -1.30005 1.15269 -1.9522
2.55366 0.19343 0.97007 -0.79596 -0.18589 0.75451 -1.47418 -0.48191 1.76463 0.18752 1.0216 0.51949 0.41961 0.42124 -0.07133 2.02715 1.84196 1.94461 -3.84602 -3.11941 1.25165 -1.18439 1.1766 -1.09316 1.15207 -7.66185 0.78305 3.40692 1.97151 -0.62837 17.2708 -0.04473 -1.02349 0.92973 -0.09263 0.83912 0.25695 0.84655 3.37225 -0.07235 -0.30246 1.06297 -0.37901 0.53336 -0.78893 0.80363 0.18181 -2.07329 1.16486 -2.09728
2.54077 1.95386 -0.90193 -0.38142 1.43241 -0.46679 0.08886 -1.80421 2.18848 -1.45724 3.40705 -0.49476 -0.16562 1.30468 0.08039 3.93816 -0.86103 2.12013 -5.17773 -3.86099 0.55027 -0.45551 1.34639 -1.59644 0.06669 -12.09776 -4.92273 3.94352 3.25633 1.95281 25.33845 -0.01031 -2.39675 -2.55602 0.53794 -0.4493 0.77178 1.27649 2.82064 1.22008 -0.51904 2.2572 -0.41329 0.50082 -2.29955 1.83409 1.501 -1.08591 -1.39815 0.20624
2.83953 2.84443 -1.23281 1.04187 4.38893 0.67138 0.13322 -3.68877 -0.33776 0.18713 1.99601 0.41171 -0.86967 -0.34903 0.38014 2.58045 -0.41277 1.37351 -4.74266 -4.6346 -1.0414 -0.35756 -0.14998 -1.34021 1.74733 -11.57462 -6.10918 2.69064 2.25063 -0.59793 25.1346 -0.05182 -1.83385 -4.62025 1.17399 -0.95449 -0.20424 0.26501 -0.98816 -1.08298 -0.37239 2.05531 -1.28029 0.50119 -2.2727 0.70887 2.10497 -1.43417 0.43031 0.05286
3.00388 1.13157 -1.09041 0.57688 2.53518 0.12202 -1.33169 -2.0094 1.54842 -1.90723 1.31591 0.09657 -1.82284 -0.30779 1.339 1.90144 1.06977 -0.03818 -1.71937 -1.5713 -0.34759 -0.24872 0.27144 -0.12175 0.56328 -10.67815 -4.18707 0.68088 -0.41265 -0.79745 21.5931 -1.25858 -2.7073 -3.78588 -0.71238 -0.62303 0.27473 -0.92799 0.45015 -0.28493 -1.26775 0.44868 -0.44719 0.31137 -1.61364 1.12624 0.14742 0.15399 -0.52915 -1.18831
3.98758 1.00246 -1.96149 -0.05103 1.60849 -0.71159 -0.75108 -1.60461 2.23346 -1.3268 2.11943 0.96766 -0.72359 0.16707 -0.66809 1.5584 0.60064 2.00407 -5.10181 -2.31904 -0.15776 -0.07178 0.01513 -1.52885 -0.12222 -11.62694 -4.16918 2.59042 1.48208 0.66733 21.54109 -0.29852 -2.66927 -2.31463 0.23859 -0.32766 0.60727 -0.45472 0.50567 0.68828 0.4121 1.71277 -0.52344 0.05632 -1.94753 1.82374 -0.78119 -0.90123 -0.89882 -0.33023
2.54077 1.95386 -0.90193 -0.38142 1.43241 -0.46679 0.08886 -1.80421 2.18848 -1.45724 3.40705 -0.49476 -0.16562 1.30468 0.08039 3.93816 -0.86103 2.12013 -5.17773 -3.86099 0.55027 -0.45551 1.34639 -1.59644 0.06669 -12.09776 -4.92273 3.94352 3.25633 1.95281 25.33845 -0.01031 -2.39675 -2.55602 0.53794 -0.4493 0.77178 1.27649 2.82064 1.22008 -0.51904 2.2572 -0.41329 0.50082 -2.29955 1.83409 1.501 -1.08591 -1.39815 0.20624
2.83953 2.84443 -1.23281 1.04187 4.38893 0.67138 0.13322 -3.68877 -0.33776 0.18713 1.99601 0.41171 -0.86967 -0.34903 0.38014 2.58045 -0.41277 1.37351 -4.74266 -4.6346 -1.0414 -0.35756 -0.14998 -1.34021 1.74733 -11.57462 -6.10918 2.69064 2.25063 -0.59793 25.1346 -0.05182 -1.83385 -4.62025 1.17399 -0.95449 -0.20424 0.26501 -0.98816 -1.08298 -0.37239 2.05531 -1.28029 0.50119 -2.2727 0.70887 2.10497 -1.43417 0.43031 0.05286
2.15564 2.8161 -2.01723 0.25555 3.12663 -0.89991 -0.68374 -3.05376 2.69226 -0.84248 1.91448 -0.43899 0.46186 -0.60115 1.45017 3.23445 0.86682 -0.09316 -2.78736 -3.66158 -1.06881 -0.64068 1.70493 -1.1695 0.64188 -10.09848 -3.57126 2.31129 0.97682 0.38348 25.2021 -0.56326 -1.89048 -4.092 -0.17087 -0.27719 0.38001 0.08551 1.26061 -0.06353 -2.3672 1.07348 -0.6255 0.98664 -0.19473 1.83266 0.55019 -2.51927 -0.29466 -1.53448
2.75633 2.20287 0.1131 -1.24576 0.42112 0.1222 -0.10822 -1.51478 2.0979 0.4632 2.11279 -0.46771 1.15984 -1.13183 0.76766 3.75554 2.30468 2.04254 -4.41672 -4.52699 0.13436 -1.23027 1.96082 -2.25123 1.5953 -11.26753 -3.07009 3.46063 2.46313 1.26615 26.6871 -0.08207 -1.87539 -2.6917 -0.02983 0.24876 0.35249 1.12493 4.52171 0.4602 -1.60975 1.40454 -0.27561 1.81109 -1.64495 1.91772 0.13709 -2.05273 0.60388 -2.18612
1.32378 2.22788 0.24297 -1.3191 3.2257 -1.73092 -0.14604 -1.19057 1.82017 -2.81737 0.39983 -1.43404 0.63952 2.75578 1.26905 2.94824 -1.35352 -0.05817 -2.18086 -4.3786 2.02304 1.30802 1.68739 -0.12431 -0.18838 -6.70297 -1.81721 2.58199 0.89378 1.43889 18.2246 -0.09734 -1.85603 -3.1999 0.17582 0.99377 1.74244 0.68485 2.59591 0.04094 -1.14168 0.98812 -0.19628 2.49571 -1.62784 0.99269 1.73449 -2.58343 -0.40231 -1.40685
1.14709 2.96902 0.32192 -1.97464 3.62005 -0.12196 -0.14431 -1.43732 1.34557 -1.51983 0.16788 -2.26349 0.8277 0.9756 1.82274 2.46962 -1.11504 -0.239 -2.80355 -4.41329 2.31869 -0.22453 1.15751 -1.12937 -0.53171 -6.98082 -1.65361 2.57966 1.38245 2.38088 19.388 1.33346 -0.64974 -2.40037 0.93074 0.00554 1.23423 1.61007 2.83685 0.13211 -2.20945 1.18164 -0.62763 2.15754 -1.81034 0.35069 1.14114 -2.20345 0.03386 -0.85989
1.4002 2.77667 0.12405 -2.39393 2.70883 0.15501 0.68002 -1.14526 1.34757 -1.82268 0.01759 -1.32499 0.58974 1.46032 1.67465 2.7819 -0.66214 -0.02425 -2.33468 -4.75469 2.31548 -0.11063 1.31574 -0.94698 -0.66252 -7.07992 -1.17061 2.77083 2.02311 2.03422 18.8608 1.38836 -1.28172 -2.67203 0.77215 0.81341 1.23548 1.46288 3.37822 0.0654 -1.86803 1.14053 0.13556 2.29243 -1.42229 0.9682 1.41965 -2.56373 0.08364 -1.02561
1.15124 2.56585 0.06586 -1.76416 4.24535 -0.86849 0.31816 -0.29772 0.22624 -2.60809 -0.10105 -0.76364 0.77276 2.18637 1.34248 2.03879 -1.05168 -0.0133 -1.94338 -4.46007 1.51052 0.32518 1.49067 0.25319 -0.07026 -6.24315 -2.52078 1.9928 0.82452 0.46557 16.57923 0.62306 -1.30505 -2.92831 1.7007 1.08063 1.83433 1.21228 2.61402 0.44052 -1.28508 0.93699 -0.42178 3.32665 -2.50492 0.53144 1.62014 -1.82733 0.22815 -0.73677
2.0535 2.05696 -0.19433 -0.34866 4.13411 -1.69462 0.13566 -1.68606 0.89067 -2.2621 0.82966 -0.83611 0.39822 2.11886 1.27968 2.36513 -2.0566 0.01857 -2.13846 -4.4942 0.845 1.41736 0.38636 -0.89351 0.17045 -6.11422 -2.28066 2.4735 0.26794 0.50133 16.3819 0.8464 -1.62628 -3.69337 0.10933 1.31781 1.03919 -0.36932 0.854 -0.67962 -1.04589 1.54326 -1.03255 2.13097 -2.24168 -0.49169 2.11319 -2.54647 -0.23452 -1.92595
1.87681 2.7981 -0.11538 -1.0042 4.52846 -0.08566 0.13739 -1.93281 0.41607 -0.96456 0.59771 -1.66556 0.5864 0.33868 1.83337 1.88651 -1.81811 -0.16226 -2.76115 -4.52889 1.14065 -0.11519 -0.14352 -1.89857 -0.17288 -6.39207 -2.11706 2.47117 0.75661 1.44332 17.5453 2.2772 -0.41999 -2.89384 0.86425 0.32958 0.53098 0.5559 1.09494 -0.58845 -2.11366 1.73678 -1.4639 1.7928 -2.42418 -1.13369 1.51984 -2.16649 0.20165 -1.37899
1.88096 2.39493 -0.37144 -0.79372 5.15376 -0.83219 0.59986 -0.79321 -0.70326 -2.05282 0.32878 -0.16571 0.53146 1.54945 1.35311 1.45568 -1.75475 0.06344 -1.90098 -4.57567 0.33248 0.43452 0.18964 -0.51601 0.28857 -5.6544 -2.98423 1.88431 0.19868 -0.47199 14.73653 1.5668 -1.0753 -3.42178 1.63421 1.40467 1.13108 0.15811 0.87211 -0.28004 -1.18929 1.49213 -1.25805 2.96191 -3.11876 -0.95294 1.99884 -1.79037 0.39594 -1.25587
1.78518 1.17008 -0.075 -0.80276 3.28814 -1.4955 -1.37114 -0.99227 1.08775 -2.90983 -0.44884 -0.83593 -0.76168 2.03492 1.18223 1.50254 -0.82739 0.30607 -0.93336 -3.1932 1.58219 1.7766 0.15569 0.02646 -0.44413 -6.7425 -1.52658 1.58639 -0.47702 -0.25251 15.3519 0.00036 -1.91905 -2.66907 -0.27345 1.42673 1.36439 -0.18914 1.34851 -0.52045 -0.99272 0.53766 -0.57818 1.82369 -0.84369 0.55961 0.17229 -2.44553 -0.35573 -1.71801
1.8616 1.71887 -0.19392 -1.87759 2.77127 0.39043 -0.54508 -0.94696 0.61515 -1.91514 -0.83108 -0.72688 -0.81146 0.73946 1.58784 1.3362 -0.13602 0.33999 -1.08718 -3.56929 1.87463 0.35795 -0.21596 -0.79621 -0.91827 -7.11945 -0.87998 1.77523 0.65231 0.34282 15.9881 1.48606 -1.34474 -2.1412 0.32288 1.24637 0.85743 0.58889 2.13082 -0.49599 -1.71907 0.69007 -0.24634 1.62041 -0.63813 0.53512 -0.14255 -2.42583 0.13022 -1.33677
2.11845 1.96381 0.46671 -0.85288 1.7082 -0.37625 0.32899 -1.58705 1.79076 -1.5543 0.71358 -1.70945 1.11239 1.39358 0.76679 2.70027 -1.32619 -0.52488 -1.50204 -2.43228 1.84025 0.91352 0.60484 -0.07218 -0.7371 -4.6913 -2.1555 1.48637 1.25744 1.47535 14.9196 -0.88819 -1.1542 -2.29794 0.77063 0.88985 0.97942 -0.05469 2.40133 -0.03828 -0.56448 0.88893 0.6487 1.35504 -1.93701 0.59983 2.18945 -2.28283 -0.4624 -1.39292
1.94176 2.70495 0.54566 -1.50842 2.10255 1.23271 0.33072 -1.8338 1.31616 -0.25676 0.48163 -2.5389 1.30057 -0.3866 1.32048 2.22165 -1.0877 -0.70571 -2.12473 -2.46697 2.1359 -0.61903 0.07496 -1.07724 -1.08043 -4.96915 -1.9919 1.48404 1.74611 2.41734 16.083 0.54261 0.05209 -1.49841 1.52555 -0.09838 0.47121 0.87053 2.64227 0.05289 -1.63225 1.08245 0.21735 1.01687 -2.1195 -0.04217 1.5961 -1.90285 -0.02623 -0.84596
2.19487 2.5126 0.34779 -1.92771 1.19133 1.50968 1.15505 -1.54174 1.31816 -0.55961 0.33134 -1.6004 1.06261 0.09812 1.17239 2.53393 -0.6348 -0.49096 -1.65586 -2.80837 2.13269 -0.50513 0.23319 -0.89485 -1.21124 -5.06825 -1.5089 1.67521 2.38677 2.07068 15.5558 0.59751 -0.57989 -1.77007 1.36696 0.70949 0.47246 0.72334 3.18364 -0.01382 -1.29083 1.04134 0.98054 1.15175 -1.73145 0.57534 1.87461 -2.26313 0.02355 -1.01168
1.94591 2.30178 0.2896 -1.29794 2.72785 0.48618 0.79319 -0.6942 0.19683 -1.34502 0.2127 -1.03905 1.24563 0.82417 0.84022 1.79082 -1.02434 -0.48001 -1.26456 -2.51375 1.32773 -0.06932 0.40812 0.30532 -0.61898 -4.23148 -2.85907 0.89718 1.18818 0.50203 13.27423 -0.16779 -0.60322 -2.02635 2.29551 0.97671 1.07131 0.47274 2.41944 0.3613 -0.70788 0.8378 0.4232 2.18598 -2.81408 0.13858 2.0751 -1.52673 0.16806 -0.72284
2.84817 1.79289 0.02941 0.11756 2.61661 -0.33995 0.61069 -2.08254 0.86126 -0.99903 1.14341 -1.11152 0.87109 0.75666 0.77742 2.11716 -2.02926 -0.44814 -1.45964 -2.54788 0.66221 1.02286 -0.69619 -0.84138 -0.37827 -4.10255 -2.61895 1.37788 0.6316 0.53779 13.0769 0.05555 -0.92445 -2.79141 0.70414 1.21389 0.27617 -1.10886 0.65942 -0.75884 -0.46869 1.44407 -0.18757 0.9903 -2.55085 -0.88455 2.56815 -2.24587 -0.29461 -1.91202
2.67148 2.53403 0.10836 -0.53798 3.01096 1.26901 0.61242 -2.32929 0.38666 0.29851 0.91146 -1.94097 1.05927 -1.02352 1.33111 1.63854 -1.79077 -0.62897 -2.08233 -2.58257 0.95786 -0.50969 -1.22607 -1.84644 -0.7216 -4.3804 -2.45535 1.37555 1.12027 1.47978 14.2403 1.48635 0.28184 -1.99188 1.45906 0.22566 -0.23204 -0.18364 0.90036 -0.66767 -1.53646 1.63759 -0.61892 0.65213 -2.73334 -1.52655 1.9748 -1.86589 0.14156 -1.36506
2.67563 2.13086 -0.1477 -0.3275 3.63626 0.52248 1.07489 -1.18969 -0.73267 -0.78975 0.64253 -0.44112 1.00433 0.18725 0.85085 1.20771 -1.72741 -0.40327 -1.22216 -2.62935 0.14969 0.04002 -0.89291 -0.46388 -0.26015 -3.64273 -3.32252 0.78869 0.56234 -0.43553 11.43153 0.77595 -0.37347 -2.51982 2.22902 1.30075 0.36806 -0.58143 0.67753 -0.35926 -0.61208 1.39294 -0.41307 1.82123 -3.42792 -1.3458 2.4538 -1.48977 0.33585 -1.24194
1.32378 2.22788 0.24297 -1.3191 3.2257 -1.73092 -0.14604 -1.19057 1.82017 -2.81737 0.39983 -1.43404 0.63952 2.75578 1.26905 2.94824 -1.35352 -0.05817 -2.18086 -4.3786 2.02304 1.30802 1.68739 -0.12431 -0.18838 -6.70297 -1.81721 2.58199 0.89378 1.43889 18.2246 -0.09734 -1.85603 -3.1999 0.17582 0.99377 1.74244 0.68485 2.59591 0.04094 -1.14168 0.98812 -0.19628 2.49571 -1.62784 0.99269 1.73449 -2.58343 -0.40231 -1.40685
1.14709 2.96902 0.32192 -1.97464 3.62005 -0.12196 -0.14431 -1.43732 1.34557 -1.51983 0.16788 -2.26349 0.8277 0.9756 1.82274 2.46962 -1.11504 -0.239 -2.80355 -4.41329 2.31869 -0.22453 1.15751 -1.12937 -0.53171 -6.98082 -1.65361 2.57966 1.38245 2.38088 19.388 1.33346 -0.64974 -2.40037 0.93074 0.00554 1.23423 1.61007 2.83685 0.13211 -2.20945 1.18164 -0.62763 2.15754 -1.81034 0.35069 1.14114 -2.20345 0.03386 -0.85989
1.4002 2.77667 0.12405 -2.39393 2.70883 0.15501 0.68002 -1.14526 1.34757 -1.82268 0.01759 -1.32499 0.58974 1.46032 1.67465 2.7819 -0.66214 -0.02425 -2.33468 -4.75469 2.31548 -0.11063 1.31574 -0.94698 -0.66252 -7.07992 -1.17061 2.77083 2.02311 2.03422 18.8608 1.38836 -1.28172 -2.67203 0.77215 0.81341 1.23548 1.46288 3.37822 0.0654 -1.86803 1.14053 0.13556 2.29243 -1.42229 0.9682 1.41965 -2.56373 0.08364 -1.02561
1.15124 2.56585 0.06586 -1.76416 4.24535 -0.86849 0.31816 -0.29772 0.22624 -2.60809 -0.10105 -0.76364 0.77276 2.18637 1.34248 2.03879 -1.05168 -0.0133 -1.94338 -4.46007 1.51052 0.32518 1.49067 0.25319 -0.07026 -6.24315 -2.52078 1.9928 0.82452 0.46557 16.57923 0.62306 -1.30505 -2.92831 1.7007 1.08063 1.83433 1.21228 2.61402 0.44052 -1.28508 0.93699 -0.42178 3.32665 -2.50492 0.53144 1.62014 -1.82733 0.22815 -0.73677
2.0535 2.05696 -0.19433 -0.34866 4.13411 -1.69462 0.13566 -1.68606 0.89067 -2.2621 0.82966 -0.83611 0.39822 2.11886 1.27968 2.36513 -2.0566 0.01857 -2.13846 -4.4942 0.845 1.41736 0.38636 -0.89351 0.17045 -6.11422 -2.28066 2.4735 0.26794 0.50133 16.3819 0.8464 -1.62628 -3.69337 0.10933 1.31781 1.03919 -0.36932 0.854 -0.67962 -1.04589 1.54326 -1.03255 2.13097 -2.24168 -0.49169 2.11319 -2.54647 -0.23452 -1.92595
1.87681 2.7981 -0.11538 -1.0042 4.52846 -0.08566 0.13739 -1.93281 0.41607 -0.96456 0.59771 -1.66556 0.5864 0.33868 1.83337 1.88651 -1.81811 -0.16226 -2.76115 -4.52889 1.14065 -0.11519 -0.14352 -1.89857 -0.17288 -6.39207 -2.11706 2.47117 0.75661 1.44332 17.5453 2.2772 -0.41999 -2.89384 0.86425 0.32958 0.53098 0.5559 1.09494 -0.58845 -2.11366 1.73678 -1.4639 1.7928 -2.42418 -1.13369 1.51984 -2.16649 0.20165 -1.37899
1.88096 2.39493 -0.37144 -0.79372 5.15376 -0.83219 0.59986 -0.79321 -0.70326 -2.05282 0.32878 -0.16571 0.53146 1.54945 1.35311 1.45568 -1.75475 0.06344 -1.90098 -4.57567 0.33248 0.43452 0.18964 -0.51601 0.28857 -5.6544 -2.98423 1.88431 0.19868 -0.47199 14.73653 1.5668 -1.0753 -3.42178 1.63421 1.40467 1.13108 0.15811 0.87211 -0.28004 -1.18929 1.49213 -1.25805 2.96191 -3.11876 -0.95294 1.99884 -1.79037 0.39594 -1.25587
1.0748 1.62907 0.51801 -1.02976 0.78866 -2.32035 1.48212 -0.80526 1.61806 -1.30164 0.50119 -1.9524 1.07412 1.17196 -0.54815 1.94692 -0.9116 -0.37578 -1.73119 -3.2343 0.65255 0.83395 -0.08312 -1.20428 0.34097 -4.51837 -1.66234 1.91799 0.00642 1.74536 13.08477 0.52339 -0.63286 -2.74142 -0.51563 0.4214 1.35983 -0.72109 1.32415 0.00422 -1.2131 1.0172 0.611 1.29056 -1.52202 0.73979 0.91562 -2.93859 0.34607 -2.1531
0.89811 2.37021 0.59696 -1.6853 1.18301 -0.71139 1.48385 -1.05201 1.14346 -0.0041 0.26924 -2.78185 1.2623 -0.60822 0.00555 1.4683 -0.67312 -0.55661 -2.35389 -3.26899 0.9482 -0.6986 -0.613 -2.20934 -0.00236 -4.79622 -1.49874 1.91566 0.49509 2.68735 14.24817 1.95419 0.57343 -1.94189 0.23929 -0.56683 0.85162 0.20413 1.56509 0.09539 -2.28087 1.21072 0.17965 0.95239 -1.70451 0.09779 0.32227 -2.55861 0.78224 -1.60614
1.0748 1.62907 0.51801 -1.02976 0.78866 -2.32035 1.48212 -0.80526 1.61806 -1.30164 0.50119 -1.9524 1.07412 1.17196 -0.54815 1.94692 -0.9116 -0.37578 -1.73119 -3.2343 0.65255 0.83395 -0.08312 -1.20428 0.34097 -4.51837 -1.66234 1.91799 0.00642 1.74536 13.08477 0.52339 -0.63286 -2.74142 -0.51563 0.4214 1.35983 -0.72109 1.32415 0.00422 -1.2131 1.0172 0.611 1.29056 -1.52202 0.73979 0.91562 -2.93859 0.34607 -2.1531
0.89811 2.37021 0.59696 -1.6853 1.18301 -0.71139 1.48385 -1.05201 1.14346 -0.0041 0.26924 -2.78185 1.2623 -0.60822 0.00555 1.4683 -0.67312 -0.55661 -2.35389 -3.26899 0.9482 -0.6986 -0.613 -2.20934 -0.00236 -4.79622 -1.49874 1.91566 0.49509 2.68735 14.24817 1.95419 0.57343 -1.94189 0.23929 -0.56683 0.85162 0.20413 1.56509 0.09539 -2.28087 1.21072 0.17965 0.95239 -1.70451 0.09779 0.32227 -2.55861 0.78224 -1.60614
2.04778 3.5 -1.6552 -1.33625 4.70664 -0.93486 -2.07244 -1.0782 0.08672 -2.53799 0.01753 -1.44811 -1.22816 1.59884 2.97228 3.45255 -0.13529 0.74113 -4.10471 -3.97357 0.98716 0.92051 1.56257 0.34966 0.63142 -12.18952 -3.88639 4.27368 1.55847 0.04342 26.7751 -0.77784 -2.08961 -3.68013 0.7017 -0.07823 1.89263 2.17589 3.12966 -0.49029 -2.10262 1.0899 -1.448 2.5947 -2.48359 1.92098 1.06001 -3.28312 -0.12993 -0.88796
2.7775 3.32908 -2.0925 -0.36581 5.61505 -0.89856 -1.79074 -1.57369 -0.84278 -1.98272 0.44736 -0.85018 -1.46946 0.96192 2.98291 2.86944 -0.83836 0.81787 -4.06231 -4.08917 -0.19088 1.02985 0.26154 -0.41954 0.99025 -11.60077 -4.34984 4.16519 0.93263 -0.89414 24.9324 0.1659 -1.85986 -4.1736 0.63521 0.24581 1.18938 1.12172 1.38775 -1.21085 -2.00682 1.64504 -2.28427 2.22996 -3.09743 0.4366 1.43871 -3.24616 0.03786 -1.40706
2.50918 2.4422 -1.97317 -0.81991 4.76908 -0.69944 -3.29754 -0.8799 -0.6457 -2.63045 -0.83114 -0.85 -2.62936 0.87798 2.88547 2.00685 0.39084 1.10537 -2.85721 -2.78817 0.54631 1.38909 0.03087 0.50043 0.37567 -12.22905 -3.59576 3.27808 0.18767 -1.64798 23.9024 -0.68014 -2.15263 -3.1493 0.25243 0.35473 1.51458 1.3019 1.88226 -1.05168 -1.95365 0.63944 -1.8299 1.92268 -1.69943 1.4879 -0.50219 -3.14522 -0.08335 -1.19912
2.84245 3.23593 -1.43146 -0.87003 3.18914 0.41981 -1.59741 -1.47468 0.05731 -1.27492 0.33128 -1.72352 -0.75529 0.23664 2.47002 3.20458 -0.10795 0.27442 -3.42589 -2.02725 0.80437 0.52601 0.48002 0.40178 0.0827 -10.17785 -4.22468 3.17806 1.92213 0.07988 23.4701 -1.56869 -1.38778 -2.77817 1.29651 -0.18215 1.12961 1.43635 2.93508 -0.56951 -1.52541 0.99071 -0.60302 1.45403 -2.79275 1.52812 1.51497 -2.98252 -0.19002 -0.87403
3.57217 3.06501 -1.86876 0.10041 4.09755 0.45611 -1.31571 -1.97017 -0.87219 -0.71965 0.76111 -1.12559 -0.99659 -0.40028 2.48065 2.62147 -0.81102 0.35116 -3.38349 -2.14285 -0.37367 0.63535 -0.82101 -0.36742 0.44153 -9.5891 -4.68813 3.06957 1.29629 -0.85768 21.6274 -0.62495 -1.15803 -3.27164 1.23002 0.14189 0.42636 0.38218 1.19317 -1.29007 -1.42962 1.54585 -1.43929 1.08929 -3.40659 0.04374 1.89367 -2.94556 -0.02223 -1.39313
3.30385 2.17813 -1.74943 -0.35369 3.25158 0.65523 -2.82251 -1.27638 -0.67511 -1.36738 -0.51739 -1.12541 -2.15649 -0.48422 2.38321 1.75888 0.41818 0.63866 -2.17839 -0.84185 0.36352 0.99459 -1.05168 0.55255 -0.17305 -10.21738 -3.93405 2.18246 0.55133 -1.61152 20.5974 -1.47099 -1.4508 -2.24734 0.84724 0.25081 0.75156 0.56236 1.68768 -1.1309 -1.37645 0.54025 -0.98492 0.78202 -2.00859 1.09504 -0.04723 -2.84462 -0.14344 -1.18519
2.04778 3.5 -1.6552 -1.33625 4.70664 -0.93486 -2.07244 -1.0782 0.08672 -2.53799 0.01753 -1.44811 -1.22816 1.59884 2.97228 3.45255 -0.13529 0.74113 -4.10471 -3.97357 0.98716 0.92051 1.56257 0.34966 0.63142 -12.18952 -3.88639 4.27368 1.55847 0.04342 26.7751 -0.77784 -2.08961 -3.68013 0.7017 -0.07823 1.89263 2.17589 3.12966 -0.49029 -2.10262 1.0899 -1.448 2.5947 -2.48359 1.92098 1.06001 -3.28312 -0.12993 -0.88796
2.7775 3.32908 -2.0925 -0.36581 5.61505 -0.89856 -1.79074 -1.57369 -0.84278 -1.98272 0.44736 -0.85018 -1.46946 0.96192 2.98291 2.86944 -0.83836 0.81787 -4.06231 -4.08917 -0.19088 1.02985 0.26154 -0.41954 0.99025 -11.60077 -4.34984 4.16519 0.93263 -0.89414 24.9324 0.1659 -1.85986 -4.1736 0.63521 0.24581 1.18938 1.12172 1.38775 -1.21085 -2.00682 1.64504 -2.28427 2.22996 -3.09743 0.4366 1.43871 -3.24616 0.03786 -1.40706
1.7988 2.90119 -1.38016 -1.04691 2.2696 -1.52429 -0.44428 -0.69289 -0.11539 -1.02226 0.11889 -1.96647 -0.79356 0.01502 1.15509 2.45123 0.30663 0.42352 -3.65504 -2.82927 -0.38333 0.44644 -0.20794 -0.73032 1.16077 -10.00492 -3.73152 3.60968 0.67111 0.34989 21.63527 -0.15711 -0.86644 -3.22165 0.01025 -0.65059 1.51002 0.76995 1.8579 -0.52701 -2.17403 1.11898 -0.64072 1.38956 -2.37776 1.66808 0.24114 -3.63828 0.61845 -1.63421
2.9908 3.36944 -1.89057 -0.15807 3.97542 -0.52811 -0.14808 -1.41291 -0.90733 -1.13765 0.68411 -1.04611 -0.99786 0.14322 1.47216 2.04092 -0.7265 0.27786 -3.9975 -2.90097 -0.29923 -0.2757 -0.92851 -0.93507 1.45884 -9.78286 -4.60364 3.75399 0.11607 -0.63937 20.90977 -0.01194 -0.93204 -3.4004 0.17622 -0.67057 1.05229 0.02371 0.27779 -0.92373 -1.63799 1.39865 -1.72663 0.70586 -3.61297 0.12086 1.59487 -2.79256 0.59786 -2.05294
1.7988 2.90119 -1.38016 -1.04691 2.2696 -1.52429 -0.44428 -0.69289 -0.11539 -1.02226 0.11889 -1.96647 -0.79356 0.01502 1.15509 2.45123 0.30663 0.42352 -3.65504 -2.82927 -0.38333 0.44644 -0.20794 -0.73032 1.16077 -10.00492 -3.73152 3.60968 0.67111 0.34989 21.63527 -0.15711 -0.86644 -3.22165 0.01025 -0.65059 1.51002 0.76995 1.8579 -0.52701 -2.17403 1.11898 -0.64072 1.38956 -2.37776 1.66808 0.24114 -3.63828 0.61845 -1.63421
2.9908 3.36944 -1.89057 -0.15807 3.97542 -0.52811 -0.14808 -1.41291 -0.90733 -1.13765 0.68411 -1.04611 -0.99786 0.14322 1.47216 2.04092 -0.7265 0.27786 -3.9975 -2.90097 -0.29923 -0.2757 -0.92851 -0.93507 1.45884 -9.78286 -4.60364 3.75399 0.11607 -0.63937 20.90977 -0.01194 -0.93204 -3.4004 0.17622 -0.67057 1.05229 0.02371 0.27779 -0.92373 -1.63799 1.39865 -1.72663 0.70586 -3.61297 0.12086 1.59487 -2.79256 0.59786 -2.05294