49 59 57
19 8 20
8 19 20
27 2 1
27 2 1
1 20 19
24 12 11
24 12 11
12 42 46
37 43 6
58 59 19
49 43 42
57 58 46
49 35 24
43 49 6
19 57 59
12 11 46
57 59 19
27 2 1
1 5 6
36 20 19
42 58 46
57 58 46
6 43 42
49 5 6
57 19 59
12 11 46
43 5 6
2 27 1
43 49 46
58 57 59
58 42 46
27 26 1
59 19 49
49 19 48
49 19 20
27 2 1
23 24 5
19 6 5
5 49 57
43 46 42
49 58 46
59 58 57
42 43 49
1 2 4
45 47 46
20 13 19
10 7 8
6 43 42
8 2 1
27 2 1
57 43 42
59 57 19
20 57 19
41 5 6
41 42 43
5 6 42
49 19 20
57 49 19
19 25 59
36 20 19
49 42 43
38 12 11
57 48 49
5 42 6
36 20 19
27 26 1
59 48 19
27 2 1
43 5 6
