108 7 88 109 107
107 110 53 6 7
53 9 115 6 7
9 88 50 1 0
49 9 50 1 0
9 49 50 1 0
46 41 40 11 10
46 41 40 11 10
81 93 90 85 94
4 91 72 82 5
107 108 109 116 115
70 104 46 47 79
107 115 116 108 85
55 69 16 74 17
107 4 82 88 5
115 88 108 107 109
10 94 85 111 116
108 107 109 110 112
18 49 50 1 0
23 46 47 4 5
109 87 68 36 37
111 115 108 116 85
107 115 116 108 85
81 46 104 79 47
23 47 46 4 5
108 88 112 107 109
10 94 85 111 116
81 82 92 4 5
50 0 59 19 18
84 81 82 88 85
115 87 108 107 109
116 84 108 81 85
58 23 49 0 18
69 109 112 110 88
87 67 68 37 36
45 70 71 43 42
9 49 50 1 0
5 23 22 4 110
107 46 88 5 4
110 4 46 88 107
79 41 85 81 78
90 110 85 94 111
115 110 109 108 107
88 91 69 47 79
71 43 44 42 45
94 116 85 93 95
0 58 59 19 18
1 53 9 6 7
90 79 82 47 81
9 50 7 1 0
9 49 50 1 0
83 80 107 82 81
115 108 109 110 107
108 115 109 110 107
80 4 5 103 89
5 88 80 81 82
91 5 104 81 90
45 70 71 43 42
47 43 71 70 42
75 69 48 109 112
6 107 110 112 109
42 70 46 79 47
111 73 11 10 116
12 109 107 87 88
46 82 4 81 5
6 107 110 112 109
58 23 49 0 18
87 37 68 67 36
0 70 71 43 42
82 47 46 4 5
