9 47 6 18 57 7 19 48 58 56
40 7 25 47 56 9 48 26 1 0
36 10 11 42 44 48 41 56 57 45
47 18 0 40 41 56 4 42 48 5
35 7 6 47 48 19 57 18 56 58
42 37 10 48 11 44 56 41 57 45
36 10 11 42 44 48 41 56 57 45
35 28 34 6 48 47 18 57 56 58
43 40 46 42 48 56 44 57 41 45
47 19 48 7 56 9 25 26 1 0
47 58 40 18 42 41 5 4 48 56
45 43 42 40 47 41 48 58 57 56
38 13 12 17 24 5 36 41 42 48
6 3 4 36 2 5 1 26 25 0
26 18 0 13 1 29 19 9 6 7
43 40 48 45 56 4 36 5 42 41
12 29 25 13 6 9 26 7 1 0
47 19 48 7 56 9 25 26 1 0
45 57 5 48 4 43 40 56 42 41
43 45 56 4 36 5 48 40 41 42
16 38 31 17 12 18 58 56 47 48
45 0 56 40 36 48 42 4 41 5
