2.57724 0.89307 -0.38393 -1.48932 2.45434 -2.50181 -3.55171 -0.25543 0.5883 -3.57076 0.5623 -1.55257 -2.21315 3.62398 0.62578 2.84288 -2.48991 2.25543 -5.65773 -5.06289 3.28994 2.00669 0.54165 -0.96099 -1.28876 -13.69904 -2.11437 5.07704 2.30011 -0.11542 27.34925 1.7078 -3.14313 -1.54462 0.61757 1.66532 1.93663 1.53487 2.42017 -0.47581 -0.87037 1.69002 -1.70813 0.74312 -1.51192 1.44378 0.33205 -4.60028 -0.9614 -1.7583
2.7302 -0.06743 0.04125 -1.69738 2.57391 -2.3909 -3.71908 0.26083 0.69701 -3.28907 0.37406 -1.24045 -2.5329 4.05261 0.39072 2.64644 -1.97259 2.09302 -6.26103 -5.49675 2.673 2.12631 0.38091 -1.02763 -0.78443 -13.88554 -1.39378 5.32579 3.15344 -0.72645 26.97595 2.1623 -2.53314 -0.42564 0.65911 1.84175 1.20961 1.84483 2.96477 -0.54558 -1.1159 2.3432 -1.26421 1.2197 -1.44416 1.52237 0.56724 -5.37352 -0.94923 -1.90338
1.7606 1.68236 -0.82182 -0.12147 1.59612 -3.00496 -2.80009 -0.02087 0.54867 -4.00761 0.69925 -2.45545 -2.0579 3.80018 0.76478 3.13079 -2.28992 2.29672 -4.68554 -4.43006 2.5527 1.91133 -0.35189 -0.46941 -1.74829 -11.31624 -1.78824 4.53669 1.542 0.08234 23.80275 1.18937 -2.66466 -0.83389 0.2393 1.60496 2.24395 2.33369 2.50573 -0.66975 -0.30309 0.70544 -0.41786 1.46073 -0.77386 1.87925 0.31528 -4.89367 -1.26923 -1.3678
1.89517 -0.89935 1.07281 -1.58913 1.60646 -3.32691 -4.02225 0.13809 0.34095 -3.47296 0.79684 -2.09948 -2.75698 4.13022 0.7422 3.64697 -2.90373 2.4147 -5.41321 -4.78841 3.83447 2.00741 -0.04205 -1.47788 -1.70706 -13.50004 -0.62401 5.50144 3.1684 -0.97209 26.32995 1.63139 -2.2488 -0.53733 -0.30651 1.71823 2.51637 1.05482 3.5552 0.3086 -1.4314 1.32834 -0.81797 1.47343 -1.27702 1.71074 -0.39896 -5.21511 -1.41504 -2.38209
3.60799 4.41476 0.95806 -0.32789 4.32063 -1.62434 -1.29374 -2.8761 1.43154 -4.55278 2.15729 -2.49465 -2.14178 3.55835 1.92873 4.10784 -3.24406 1.20375 -8.9949 -6.52533 2.99003 0.77424 2.13773 -2.11772 -2.10322 -16.93387 -4.4968 3.89699 2.80956 1.23952 40.76685 0.96345 -5.03231 -3.05716 1.89227 1.06536 4.01516 2.32277 3.77721 0.58393 -0.87274 1.71886 0.08231 1.59437 -3.84696 3.77743 2.26068 -5.85676 -1.58589 -2.58167
4.14908 4.08301 1.3408 -1.12034 4.25646 -1.56092 -1.37456 -2.4805 1.41723 -4.3033 2.22047 -1.9981 -1.76612 3.28151 1.31271 4.48041 -3.29141 1.76586 -8.80841 -6.78671 2.6216 0.77816 2.79547 -1.67042 -1.67716 -17.54357 -4.91247 4.45494 3.4781 1.23662 40.33915 1.47748 -4.8086 -3.36255 1.8382 0.74003 2.93816 2.03008 4.16632 0.38451 -1.13264 1.9336 -0.45453 1.89208 -3.75187 3.43736 2.01004 -5.98863 -1.46924 -2.16105
2.09555 4.47073 1.19425 -0.29841 4.64302 -0.98721 -1.26269 -2.09228 -0.07055 -3.3246 -0.12149 -2.07157 -1.95825 2.50392 3.24648 2.80418 -1.69831 -0.90043 -5.91648 -4.58864 1.91194 0.66125 2.37184 -0.41944 -0.91274 -11.03858 -2.46977 2.02606 1.32412 -0.03659 29.4378 0.08842 -3.74033 -2.69313 1.57757 0.25905 3.78176 2.05077 2.53559 -0.51822 -1.2246 0.27011 0.18623 2.17646 -3.13151 3.09894 2.11529 -4.83603 -0.2915 -2.15213
2.63664 4.13898 1.57699 -1.09086 4.57885 -0.92379 -1.34351 -1.69668 -0.08486 -3.07512 -0.05831 -1.57502 -1.58259 2.22708 2.63045 3.17675 -1.74566 -0.33831 -5.72999 -4.85002 1.54351 0.66518 3.02958 0.02786 -0.48668 -11.64828 -2.88544 2.58401 1.99266 -0.03949 29.0101 0.60245 -3.51662 -2.99852 1.52349 -0.06628 2.70476 1.75808 2.92469 -0.71764 -1.4845 0.48485 -0.35061 2.47417 -3.03642 2.75887 1.86465 -4.9679 -0.17485 -1.73151
2.14628 1.95456 -0.27751 -1.03647 4.50245 -1.39994 -3.78905 -1.6445 -1.00844 -2.48166 -1.27857 -1.24403 -2.6759 2.60719 0.9149 2.06828 -1.33857 1.43207 -5.26506 -5.7209 2.87631 1.9953 0.34631 0.06444 0.03305 -13.76465 -2.83737 3.93265 1.92025 -1.7286 28.9881 0.72255 -2.80998 -3.11538 1.32011 0.83608 1.66386 1.57756 0.35328 -2.05832 -0.81951 0.93299 -1.73886 1.10823 -0.87123 1.80294 0.55732 -4.9855 0.69927 -1.39258
2.29924 0.99406 0.14767 -1.24453 4.62202 -1.28903 -3.95642 -1.12824 -0.89974 -2.19997 -1.46681 -0.9319 -2.99565 3.03582 0.67984 1.87184 -0.82125 1.26966 -5.86836 -6.15476 2.25937 2.11492 0.18557 -0.0022 0.53738 -13.95115 -2.11678 4.1814 2.77358 -2.33963 28.6148 1.17705 -2.19998 -1.9964 1.36166 1.01252 0.93684 1.88752 0.89788 -2.12809 -1.06504 1.58617 -1.29494 1.58481 -0.80347 1.88153 0.79251 -5.75874 0.71144 -1.53766
1.32964 2.74385 -0.7154 0.33138 3.64423 -1.90309 -3.03743 -1.40994 -1.04807 -2.91851 -1.14162 -2.14691 -2.52065 2.78339 1.0539 2.35619 -1.13858 1.47336 -4.29287 -5.08807 2.13907 1.89994 -0.54723 0.55602 -0.42648 -11.38185 -2.51124 3.3923 1.16214 -1.53084 25.4416 0.20411 -2.33151 -2.40465 0.94184 0.77572 1.97118 2.37638 0.43884 -2.25226 -0.25223 -0.05159 -0.44859 1.82584 -0.13317 2.23841 0.54055 -5.27889 0.39144 -1.00208
1.46421 0.16214 1.17923 -1.13628 3.65457 -2.22504 -4.25959 -1.25098 -1.25579 -2.38386 -1.04403 -1.79094 -3.21973 3.11343 1.03132 2.87237 -1.75239 1.59134 -5.02054 -5.44642 3.42084 1.99602 -0.23739 -0.45245 -0.38525 -13.56565 -1.34701 4.35705 2.78854 -2.58527 27.9688 0.64614 -1.91565 -2.10809 0.39603 0.88899 2.2436 1.09751 1.48831 -1.27391 -1.38054 0.57131 -0.84871 1.83854 -0.63633 2.0699 -0.17369 -5.60033 0.24564 -2.01637
3.90675 5.30533 0.62718 1.0954 7.27715 -0.48617 -1.24938 -4.76066 -1.0947 -2.90842 0.74625 -1.58818 -2.84583 1.90464 2.22848 2.75013 -2.79579 0.45713 -8.55983 -7.29894 1.39836 0.87219 0.64136 -1.86149 -0.42258 -16.41073 -5.68325 2.64411 1.80386 -1.31122 40.563 0.92194 -4.46941 -5.12139 2.52832 0.56017 3.03914 1.31129 -0.03159 -1.71913 -0.72609 1.51697 -0.7847 1.59474 -3.82011 2.65221 2.86465 -6.20502 0.24257 -2.73505
4.44784 4.97358 1.00992 0.30295 7.21298 -0.42275 -1.3302 -4.36506 -1.10901 -2.65893 0.80943 -1.09163 -2.47017 1.6278 1.61246 3.1227 -2.84314 1.01924 -8.37334 -7.56032 1.02993 0.87612 1.2991 -1.41419 0.00348 -17.02043 -6.09892 3.20206 2.4724 -1.31412 40.1353 1.43597 -4.2457 -5.42678 2.47425 0.23484 1.96214 1.0186 0.35752 -1.91855 -0.98598 1.73171 -1.32154 1.89245 -3.72502 2.31214 2.61401 -6.33689 0.35922 -2.31443
2.82527 4.29981 0.75695 0.67203 5.55143 -0.95091 -0.98099 -2.58777 -1.00005 -2.76934 0.30834 -1.47364 -2.19955 1.867 3.25711 2.22107 -2.40138 -0.82369 -5.87408 -4.70424 0.7339 0.77059 1.07081 -1.18864 -0.55391 -10.44983 -2.93322 1.91757 0.69828 -0.97415 27.5951 1.03216 -3.51058 -3.1866 1.51108 0.58309 3.07851 0.9966 0.79368 -1.23878 -1.12881 0.82525 -0.65004 1.81172 -3.74535 1.61456 2.49399 -4.79907 -0.12371 -2.67123
3.36636 3.96806 1.13969 -0.12042 5.48726 -0.88749 -1.06181 -2.19217 -1.01436 -2.51985 0.37152 -0.97709 -1.82389 1.59016 2.64109 2.59364 -2.44873 -0.26157 -5.68759 -4.96562 0.36547 0.77452 1.72855 -0.74134 -0.12785 -11.05953 -3.34889 2.47552 1.36682 -0.97705 27.1674 1.54619 -3.28687 -3.49199 1.457 0.25776 2.00151 0.70391 1.18278 -1.4382 -1.3887 1.03999 -1.18688 2.10943 -3.65026 1.27449 2.24335 -4.93094 -0.00707 -2.25061
2.57895 1.12858 -0.25444 -1.04736 3.49467 -2.14842 -3.74716 -0.65892 0.68066 -3.92829 -0.68017 -1.55935 -2.46917 2.73237 1.97121 2.25186 -1.08523 -0.26712 -3.44687 -3.9586 2.83293 1.7449 0.9984 0.36293 -0.53642 -12.2399 -1.66934 2.81 0.00193 -1.17428 26.4766 0.36183 -3.39066 -3.30531 -0.18348 1.05862 1.81763 0.20438 1.29708 -1.41944 -1.76804 0.33197 -1.36013 1.22569 -1.61017 1.16901 0.54067 -3.49828 -0.13898 -2.84169
2.73191 0.16808 0.17074 -1.25542 3.61424 -2.03751 -3.91453 -0.14266 0.78937 -3.6466 -0.86841 -1.24723 -2.78892 3.161 1.73614 2.05542 -0.56791 -0.42953 -4.05017 -4.39246 2.21599 1.86452 0.83766 0.29629 -0.03209 -12.4264 -0.94875 3.05875 0.85526 -1.78531 26.1033 0.81633 -2.78066 -2.18633 -0.14193 1.23506 1.09061 0.51434 1.84168 -1.48921 -2.01357 0.98514 -0.91621 1.70228 -1.54241 1.2476 0.77586 -4.27152 -0.12681 -2.98677
1.76231 1.91787 -0.69233 0.32049 2.63645 -2.65157 -2.99554 -0.42436 0.64103 -4.36514 -0.54322 -2.46223 -2.31392 2.90857 2.1102 2.53977 -0.88524 -0.22583 -2.47468 -3.32577 2.09569 1.64954 0.10486 0.85451 -0.99595 -9.8571 -1.34321 2.26965 -0.75618 -0.97652 22.9301 -0.15661 -2.91219 -2.59458 -0.56175 0.99826 2.12495 1.0032 1.38264 -1.61338 -1.20076 -0.65262 -0.06986 1.9433 -0.8721 1.60448 0.5239 -3.79167 -0.44681 -2.45119
1.89688 -0.66384 1.2023 -1.14717 2.64679 -2.97352 -4.2177 -0.2654 0.43331 -3.83049 -0.44563 -2.10626 -3.013 3.23861 2.08762 3.05595 -1.49905 -0.10785 -3.20235 -3.68412 3.37746 1.74562 0.4147 -0.15396 -0.95472 -12.0409 -0.17898 3.2344 0.87022 -2.03095 25.4573 0.28542 -2.49633 -2.29802 -1.10756 1.11153 2.39737 -0.27567 2.43211 -0.63503 -2.32907 -0.02972 -0.46997 1.956 -1.37526 1.43597 -0.19034 -4.11311 -0.59262 -3.46548
4.0711 3.59247 0.76958 0.63041 5.4234 -1.03553 -2.71429 -3.08129 0.79148 -5.00278 0.06615 -1.90332 -3.799 1.94588 3.18734 2.07112 -1.31325 -0.95456 -5.53654 -4.23564 2.09217 0.98103 1.06278 -0.64303 -1.60663 -15.51426 -3.76114 0.63435 -0.85942 -1.51074 37.0215 -0.28482 -5.34286 -4.28702 0.64195 0.89163 3.51811 0.11829 1.40672 -0.92108 -1.62145 -0.08965 0.04841 1.40493 -3.16104 3.06958 0.9071 -4.61686 -0.71689 -3.97622
4.61219 3.26072 1.15232 -0.16204 5.35923 -0.97211 -2.79511 -2.68569 0.77717 -4.75329 0.12933 -1.40677 -3.42334 1.66904 2.57132 2.44369 -1.3606 -0.39245 -5.35005 -4.49702 1.72374 0.98496 1.72052 -0.19573 -1.18057 -16.12396 -4.17681 1.1923 -0.19088 -1.51364 36.5938 0.22921 -5.11915 -4.59241 0.58788 0.5663 2.44111 -0.1744 1.79583 -1.1205 -1.88135 0.12508 -0.48843 1.70264 -3.06595 2.72951 0.65646 -4.74873 -0.60024 -3.5556
2.55695 3.41293 0.87628 0.21793 4.70546 -0.75179 -2.48779 -1.89398 -0.80297 -3.41707 -0.97016 -1.47346 -3.35945 1.78306 3.15967 1.35848 -1.17218 -0.53619 -4.66898 -3.40324 1.47109 1.12983 0.84014 -0.26867 -1.16849 -11.07811 -2.17914 1.03046 -0.04668 -1.72799 26.5651 0.18612 -3.80335 -2.1623 1.1283 0.69201 3.40371 1.17678 1.28819 -1.07961 -1.07564 -0.18035 -0.19567 1.50444 -2.34735 2.66586 0.55309 -4.69813 -0.24492 -2.46329
3.09804 3.08118 1.25902 -0.57452 4.64129 -0.68837 -2.56861 -1.49838 -0.81728 -3.16758 -0.90698 -0.97691 -2.98379 1.50622 2.54364 1.73105 -1.21953 0.02593 -4.48249 -3.66462 1.10266 1.13376 1.49788 0.17863 -0.74243 -11.68781 -2.59481 1.58841 0.62186 -1.73089 26.1374 0.70015 -3.57964 -2.46769 1.07422 0.36668 2.32671 0.88409 1.67729 -1.27903 -1.33554 0.03439 -0.73251 1.80215 -2.25226 2.32579 0.30245 -4.83 -0.12828 -2.04267
3.56265 0.99947 -1.12552 -1.67527 2.56798 -2.98203 -3.16655 -0.25413 1.3657 -3.34786 0.12335 -0.68826 -1.36992 3.20723 -0.03589 1.90882 -1.55436 1.77513 -6.82931 -4.70634 3.02276 1.92184 0.74209 -1.04417 -1.22192 -13.18869 -1.65145 4.71954 1.89666 0.2905 26.42459 1.32189 -3.35263 -1.83406 0.76749 1.354 2.15017 0.67765 1.3526 -0.44623 -0.08819 1.59605 -1.43638 0.97064 -1.94405 1.86651 -0.38794 -4.5535 -0.50865 -1.98361
3.71561 0.03897 -0.70034 -1.88333 2.68755 -2.87112 -3.33392 0.26213 1.47441 -3.06617 -0.06489 -0.37614 -1.68967 3.63586 -0.27095 1.71239 -1.03704 1.61272 -7.43261 -5.1402 2.40582 2.04146 0.58135 -1.11081 -0.71759 -13.37519 -0.93086 4.96829 2.74999 -0.32053 26.05129 1.77639 -2.74263 -0.71508 0.80904 1.53043 1.42315 0.98761 1.8972 -0.516 -0.33372 2.24923 -0.99246 1.44722 -1.87629 1.9451 -0.15275 -5.32674 -0.49648 -2.12869
2.74601 1.78876 -1.56341 -0.30742 1.70976 -3.48518 -2.41493 -0.01957 1.32607 -3.78471 0.2603 -1.59114 -1.21467 3.38343 0.10311 2.19673 -1.35437 1.81642 -5.85712 -4.07351 2.28552 1.82648 -0.15145 -0.55259 -1.68145 -10.80589 -1.32532 4.17919 1.13855 0.48826 22.87809 0.80345 -2.87416 -1.12333 0.38923 1.29364 2.45749 1.47647 1.43816 -0.64017 0.47909 0.61147 -0.14611 1.68825 -1.20599 2.30198 -0.40471 -4.84689 -0.81648 -1.59311
2.88058 -0.79295 0.33122 -1.77508 1.7201 -3.80713 -3.63709 0.13939 1.11835 -3.25006 0.35789 -1.23517 -1.91375 3.71347 0.08053 2.71291 -1.96818 1.9344 -6.58479 -4.43186 3.56729 1.92256 0.1584 -1.56106 -1.64022 -12.98969 -0.16109 5.14394 2.76495 -0.56617 25.40529 1.24548 -2.4583 -0.82677 -0.15658 1.40691 2.72991 0.1976 2.48763 0.33818 -0.64922 1.23437 -0.54622 1.70095 -1.70915 2.13347 -1.11895 -5.16833 -0.96229 -2.6074
5.0548 3.46336 -0.1015 0.0025 4.49671 -1.86914 -2.13368 -2.6765 1.47652 -4.42235 0.86967 -1.03223 -2.69975 2.42074 1.18025 1.72808 -1.78238 1.08769 -8.91898 -4.98338 2.282 1.15797 0.80647 -2.05013 -2.29213 -16.46305 -3.74325 2.54389 1.03531 -0.04596 36.96949 0.67524 -5.30483 -2.81577 1.59293 1.187 3.85065 0.59156 1.46224 0.05213 0.0584 1.17443 -0.02784 1.14987 -3.49493 3.76708 -0.02151 -5.67208 -1.08656 -3.11814
5.59589 3.13161 0.28124 -0.78995 4.43254 -1.80572 -2.2145 -2.2809 1.46221 -4.17286 0.93285 -0.53568 -2.32409 2.1439 0.56422 2.10065 -1.82973 1.6498 -8.73249 -5.24476 1.91357 1.1619 1.46421 -1.60283 -1.86607 -17.07275 -4.15892 3.10184 1.70385 -0.04886 36.54179 1.18927 -5.08112 -3.12116 1.53885 0.86167 2.77365 0.29887 1.85135 -0.14729 -0.2015 1.38917 -0.56468 1.44758 -3.39984 3.42701 -0.27215 -5.80395 -0.96991 -2.69752
2.55695 3.41293 0.87628 0.21793 4.70546 -0.75179 -2.48779 -1.89398 -0.80297 -3.41707 -0.97016 -1.47346 -3.35945 1.78306 3.15967 1.35848 -1.17218 -0.53619 -4.66898 -3.40324 1.47109 1.12983 0.84014 -0.26867 -1.16849 -11.07811 -2.17914 1.03046 -0.04668 -1.72799 26.5651 0.18612 -3.80335 -2.1623 1.1283 0.69201 3.40371 1.17678 1.28819 -1.07961 -1.07564 -0.18035 -0.19567 1.50444 -2.34735 2.66586 0.55309 -4.69813 -0.24492 -2.46329
3.09804 3.08118 1.25902 -0.57452 4.64129 -0.68837 -2.56861 -1.49838 -0.81728 -3.16758 -0.90698 -0.97691 -2.98379 1.50622 2.54364 1.73105 -1.21953 0.02593 -4.48249 -3.66462 1.10266 1.13376 1.49788 0.17863 -0.74243 -11.68781 -2.59481 1.58841 0.62186 -1.73089 26.1374 0.70015 -3.57964 -2.46769 1.07422 0.36668 2.32671 0.88409 1.67729 -1.27903 -1.33554 0.03439 -0.73251 1.80215 -2.25226 2.32579 0.30245 -4.83 -0.12828 -2.04267
2.53081 1.88639 -1.75228 0.29952 2.19997 -0.23476 -1.27722 -1.14551 1.99419 -1.83794 3.54311 0.36573 -1.12107 0.71547 0.20717 2.96555 -0.55153 2.10405 -3.32016 -2.04358 -0.5397 -0.24631 -0.60071 -1.10244 -0.71979 -13.69259 -5.12046 2.40719 1.91959 0.97614 25.37355 0.02355 -2.90989 -3.0002 0.37956 -0.1452 0.46923 0.04041 0.608 -0.41151 -0.94719 1.09263 -0.50106 0.21994 -2.75689 0.90597 -0.31973 -0.65494 -1.36264 -0.1311
1.72286 0.26575 -0.39703 0.35804 -0.09158 -0.90526 -1.12423 -1.06306 1.60895 -1.34395 2.36871 -0.14212 -0.6231 1.664 -0.82998 2.23341 -1.51102 2.40701 -3.61887 -2.06345 1.02236 0.30223 0.14245 -0.93618 -0.82011 -7.93889 -1.38151 3.38826 1.84057 0.72102 15.17825 0.3711 -1.85949 -0.36829 0.20114 0.30864 1.15774 0.38022 0.96478 0.43347 0.59352 1.53792 -0.71097 -0.93454 -0.88992 0.70425 0.33551 -1.14199 -0.66096 0.33979
1.87582 -0.69475 0.02815 0.14998 0.02799 -0.79436 -1.2916 -0.5468 1.71765 -1.06226 2.18047 0.17 -0.94285 2.09263 -1.06504 2.03697 -0.9937 2.2446 -4.22217 -2.49731 0.40542 0.42185 -0.01829 -1.00282 -0.31578 -8.12539 -0.66092 3.63701 2.69391 0.10999 14.80495 0.8256 -1.24949 0.75069 0.24269 0.48507 0.43072 0.69018 1.50938 0.3637 0.348 2.1911 -0.26705 -0.45795 -0.82216 0.78284 0.57069 -1.91523 -0.64879 0.19471
2.09985 2.94788 -1.64586 0.75237 4.24808 0.86711 -1.51456 -2.53458 0.39745 -0.74884 1.70224 0.67427 -1.58382 -0.30132 0.49629 2.19095 0.5998 1.28069 -2.92749 -2.70159 -0.95333 -0.2577 -0.79605 -0.07701 0.60202 -13.7582 -5.84346 1.2628 1.53973 -0.63704 27.0124 -0.96171 -2.57674 -4.57096 1.0821 -0.97443 0.19646 0.0831 -1.45889 -1.99401 -0.89633 0.3356 -0.53179 0.58505 -2.1162 1.26513 -0.09446 -1.04016 0.29803 0.23462
1.2919 1.32724 -0.29061 0.81089 1.95653 0.19661 -1.36157 -2.45213 0.0122 -0.25485 0.52784 0.16642 -1.08585 0.64721 -0.54086 1.45881 -0.35968 1.58365 -3.2262 -2.72146 0.60873 0.29084 -0.05289 0.08925 0.5017 -8.0045 -2.10451 2.24387 1.46071 -0.89216 16.8171 -0.61415 -1.52634 -1.93905 0.90368 -0.5206 0.88497 0.42291 -1.10211 -1.14904 0.64438 0.78089 -0.7417 -0.56943 -0.24923 1.06341 0.56078 -1.52721 0.99971 0.70551
1.44486 0.36674 0.13457 0.60283 2.0761 0.30751 -1.52894 -1.93587 0.12091 0.02684 0.3396 0.47855 -1.4056 1.07584 -0.77592 1.26237 0.15764 1.42124 -3.8295 -3.15532 -0.00821 0.41046 -0.21363 0.02261 1.00603 -8.191 -1.38392 2.49262 2.31405 -1.50319 16.4438 -0.15965 -0.91634 -0.82007 0.94523 -0.34416 0.15795 0.73287 -0.55751 -1.21881 0.39886 1.43407 -0.29778 -0.09284 -0.18147 1.142 0.79596 -2.30045 1.01188 0.56043
2.53252 2.1219 -1.62279 0.74148 3.2403 0.11863 -1.47267 -1.549 2.08655 -2.19547 2.30064 0.35895 -1.37709 -0.17614 1.55259 2.37453 0.85314 -0.4185 -1.1093 -0.93929 -0.99671 -0.5081 -0.14396 0.22148 0.03255 -12.23345 -4.67543 0.14015 -0.37859 -0.08272 24.5009 -1.32242 -3.15742 -4.76089 -0.42149 -0.75189 0.35023 -1.29008 -0.51509 -1.35513 -1.84486 -0.26543 -0.15306 0.70251 -2.85514 0.6312 -0.11111 0.44706 -0.54022 -1.21449
1.72457 0.50126 -0.26754 0.8 0.94875 -0.55187 -1.31968 -1.46655 1.70131 -1.70148 1.12624 -0.1489 -0.87912 0.77239 0.51544 1.64239 -0.10634 -0.11554 -1.40801 -0.95916 0.56535 0.04044 0.5992 0.38774 -0.06777 -6.47975 -0.93648 1.12122 -0.45761 -0.33784 14.3056 -0.97487 -2.10702 -2.12898 -0.59991 -0.29806 1.03874 -0.95027 -0.15831 -0.51015 -0.30414 0.17986 -0.36297 -0.45196 -0.98817 0.42948 0.54413 -0.03999 0.16146 -0.7436
1.87753 -0.45924 0.15764 0.59194 1.06832 -0.44097 -1.48705 -0.95029 1.81001 -1.41979 0.938 0.16323 -1.19887 1.20102 0.28038 1.44595 0.41098 -0.27795 -2.01131 -1.39302 -0.05159 0.16006 0.43846 0.3211 0.43656 -6.66625 -0.21589 1.36997 0.39573 -0.94887 13.9323 -0.52037 -1.49702 -1.01 -0.55836 -0.12162 0.31172 -0.64031 0.38629 -0.57992 -0.54967 0.83304 0.08095 0.02463 -0.92041 0.50807 0.77931 -0.81323 0.17363 -0.88868
3.51622 1.99279 -2.49387 0.11357 2.31361 -0.71498 -0.89206 -1.14421 2.77159 -1.61504 3.10416 1.23004 -0.27784 0.29872 -0.4545 2.03149 0.38401 1.62375 -4.49174 -1.68703 -0.80688 -0.33116 -0.40027 -1.18562 -0.65295 -13.18224 -4.65754 2.04969 1.51614 1.38206 24.44889 -0.36236 -3.11939 -3.28964 0.52948 -0.45652 0.68277 -0.81681 -0.45957 -0.38192 -0.16501 0.99866 -0.22931 0.44746 -3.18903 1.3287 -1.03972 -0.60816 -0.90989 -0.35641
2.70827 0.37215 -1.13862 0.17209 0.02206 -1.38548 -0.73907 -1.06176 2.38635 -1.12105 1.92976 0.72219 0.22013 1.24725 -1.49165 1.29935 -0.57547 1.92671 -4.79045 -1.7069 0.75518 0.21738 0.34289 -1.01936 -0.75327 -7.42854 -0.91859 3.03076 1.43712 1.12694 14.25359 -0.01481 -2.06899 -0.65773 0.35107 -0.00268 1.37128 -0.477 -0.10279 0.46305 1.3757 1.44395 -0.43922 -0.70702 -1.32206 1.12698 -0.38448 -1.09521 -0.20821 0.11448
2.86123 -0.58835 -0.71344 -0.03597 0.14163 -1.27458 -0.90644 -0.5455 2.49505 -0.83936 1.74152 1.03431 -0.09962 1.67588 -1.72671 1.10291 -0.05815 1.7643 -5.39375 -2.14076 0.13824 0.337 0.18215 -1.086 -0.24894 -7.61504 -0.198 3.27951 2.29046 0.51591 13.88029 0.43969 -1.45899 0.46125 0.39261 0.17375 0.64426 -0.16704 0.44181 0.39328 1.13018 2.09713 0.0047 -0.23043 -1.2543 1.20557 -0.1493 -1.86845 -0.19604 -0.0306
2.54077 1.95386 -0.90193 -0.38142 1.43241 -0.46679 0.08886 -1.80421 2.18848 -1.45724 3.40705 -0.49476 -0.16562 1.30468 0.08039 3.93816 -0.86103 2.12013 -5.17773 -3.86099 0.55027 -0.45551 1.34639 -1.59644 0.06669 -12.09776 -4.92273 3.94352 3.25633 1.95281 25.33845 -0.01031 -2.39675 -2.55602 0.53794 -0.4493 0.77178 1.27649 2.82064 1.22008 -0.51904 2.2572 -0.41329 0.50082 -2.29955 1.83409 1.501 -1.08591 -1.39815 0.20624
2.83953 2.84443 -1.23281 1.04187 4.38893 0.67138 0.13322 -3.68877 -0.33776 0.18713 1.99601 0.41171 -0.86967 -0.34903 0.38014 2.58045 -0.41277 1.37351 -4.74266 -4.6346 -1.0414 -0.35756 -0.14998 -1.34021 1.74733 -11.57462 -6.10918 2.69064 2.25063 -0.59793 25.1346 -0.05182 -1.83385 -4.62025 1.17399 -0.95449 -0.20424 0.26501 -0.98816 -1.08298 -0.37239 2.05531 -1.28029 0.50119 -2.2727 0.70887 2.10497 -1.43417 0.43031 0.05286
3.00388 1.13157 -1.09041 0.57688 2.53518 0.12202 -1.33169 -2.0094 1.54842 -1.90723 1.31591 0.09657 -1.82284 -0.30779 1.339 1.90144 1.06977 -0.03818 -1.71937 -1.5713 -0.34759 -0.24872 0.27144 -0.12175 0.56328 -10.67815 -4.18707 0.68088 -0.41265 -0.79745 21.5931 -1.25858 -2.7073 -3.78588 -0.71238 -0.62303 0.27473 -0.92799 0.45015 -0.28493 -1.26775 0.44868 -0.44719 0.31137 -1.61364 1.12624 0.14742 0.15399 -0.52915 -1.18831
3.98758 1.00246 -1.96149 -0.05103 1.60849 -0.71159 -0.75108 -1.60461 2.23346 -1.3268 2.11943 0.96766 -0.72359 0.16707 -0.66809 1.5584 0.60064 2.00407 -5.10181 -2.31904 -0.15776 -0.07178 0.01513 -1.52885 -0.12222 -11.62694 -4.16918 2.59042 1.48208 0.66733 21.54109 -0.29852 -2.66927 -2.31463 0.23859 -0.32766 0.60727 -0.45472 0.50567 0.68828 0.4121 1.71277 -0.52344 0.05632 -1.94753 1.82374 -0.78119 -0.90123 -0.89882 -0.33023
1.32378 2.22788 0.24297 -1.3191 3.2257 -1.73092 -0.14604 -1.19057 1.82017 -2.81737 0.39983 -1.43404 0.63952 2.75578 1.26905 2.94824 -1.35352 -0.05817 -2.18086 -4.3786 2.02304 1.30802 1.68739 -0.12431 -0.18838 -6.70297 -1.81721 2.58199 0.89378 1.43889 18.2246 -0.09734 -1.85603 -3.1999 0.17582 0.99377 1.74244 0.68485 2.59591 0.04094 -1.14168 0.98812 -0.19628 2.49571 -1.62784 0.99269 1.73449 -2.58343 -0.40231 -1.40685
1.14709 2.96902 0.32192 -1.97464 3.62005 -0.12196 -0.14431 -1.43732 1.34557 -1.51983 0.16788 -2.26349 0.8277 0.9756 1.82274 2.46962 -1.11504 -0.239 -2.80355 -4.41329 2.31869 -0.22453 1.15751 -1.12937 -0.53171 -6.98082 -1.65361 2.57966 1.38245 2.38088 19.388 1.33346 -0.64974 -2.40037 0.93074 0.00554 1.23423 1.61007 2.83685 0.13211 -2.20945 1.18164 -0.62763 2.15754 -1.81034 0.35069 1.14114 -2.20345 0.03386 -0.85989
1.4002 2.77667 0.12405 -2.39393 2.70883 0.15501 0.68002 -1.14526 1.34757 -1.82268 0.01759 -1.32499 0.58974 1.46032 1.67465 2.7819 -0.66214 -0.02425 -2.33468 -4.75469 2.31548 -0.11063 1.31574 -0.94698 -0.66252 -7.07992 -1.17061 2.77083 2.02311 2.03422 18.8608 1.38836 -1.28172 -2.67203 0.77215 0.81341 1.23548 1.46288 3.37822 0.0654 -1.86803 1.14053 0.13556 2.29243 -1.42229 0.9682 1.41965 -2.56373 0.08364 -1.02561
1.15124 2.56585 0.06586 -1.76416 4.24535 -0.86849 0.31816 -0.29772 0.22624 -2.60809 -0.10105 -0.76364 0.77276 2.18637 1.34248 2.03879 -1.05168 -0.0133 -1.94338 -4.46007 1.51052 0.32518 1.49067 0.25319 -0.07026 -6.24315 -2.52078 1.9928 0.82452 0.46557 16.57923 0.62306 -1.30505 -2.92831 1.7007 1.08063 1.83433 1.21228 2.61402 0.44052 -1.28508 0.93699 -0.42178 3.32665 -2.50492 0.53144 1.62014 -1.82733 0.22815 -0.73677
2.0535 2.05696 -0.19433 -0.34866 4.13411 -1.69462 0.13566 -1.68606 0.89067 -2.2621 0.82966 -0.83611 0.39822 2.11886 1.27968 2.36513 -2.0566 0.01857 -2.13846 -4.4942 0.845 1.41736 0.38636 -0.89351 0.17045 -6.11422 -2.28066 2.4735 0.26794 0.50133 16.3819 0.8464 -1.62628 -3.69337 0.10933 1.31781 1.03919 -0.36932 0.854 -0.67962 -1.04589 1.54326 -1.03255 2.13097 -2.24168 -0.49169 2.11319 -2.54647 -0.23452 -1.92595
1.87681 2.7981 -0.11538 -1.0042 4.52846 -0.08566 0.13739 -1.93281 0.41607 -0.96456 0.59771 -1.66556 0.5864 0.33868 1.83337 1.88651 -1.81811 -0.16226 -2.76115 -4.52889 1.14065 -0.11519 -0.14352 -1.89857 -0.17288 -6.39207 -2.11706 2.47117 0.75661 1.44332 17.5453 2.2772 -0.41999 -2.89384 0.86425 0.32958 0.53098 0.5559 1.09494 -0.58845 -2.11366 1.73678 -1.4639 1.7928 -2.42418 -1.13369 1.51984 -2.16649 0.20165 -1.37899
1.88096 2.39493 -0.37144 -0.79372 5.15376 -0.83219 0.59986 -0.79321 -0.70326 -2.05282 0.32878 -0.16571 0.53146 1.54945 1.35311 1.45568 -1.75475 0.06344 -1.90098 -4.57567 0.33248 0.43452 0.18964 -0.51601 0.28857 -5.6544 -2.98423 1.88431 0.19868 -0.47199 14.73653 1.5668 -1.0753 -3.42178 1.63421 1.40467 1.13108 0.15811 0.87211 -0.28004 -1.18929 1.49213 -1.25805 2.96191 -3.11876 -0.95294 1.99884 -1.79037 0.39594 -1.25587
2.12992 2.60575 -0.31325 -1.42349 3.61724 0.19131 0.96172 -1.64075 0.41807 -1.26741 0.44742 -0.72706 0.34844 0.8234 1.68528 2.19879 -1.36522 0.05249 -2.29228 -4.87029 1.13744 -0.00129 0.01471 -1.71618 -0.30369 -6.49117 -1.63406 2.66234 1.39727 1.09666 17.0181 2.3321 -1.05197 -3.1655 0.70566 1.13745 0.53223 0.40871 1.63631 -0.65516 -1.77224 1.69567 -0.70071 1.92769 -2.03613 -0.51617 1.79835 -2.52677 0.25143 -1.54471
1.78518 1.17008 -0.075 -0.80276 3.28814 -1.4955 -1.37114 -0.99227 1.08775 -2.90983 -0.44884 -0.83593 -0.76168 2.03492 1.18223 1.50254 -0.82739 0.30607 -0.93336 -3.1932 1.58219 1.7766 0.15569 0.02646 -0.44413 -6.7425 -1.52658 1.58639 -0.47702 -0.25251 15.3519 0.00036 -1.91905 -2.66907 -0.27345 1.42673 1.36439 -0.18914 1.34851 -0.52045 -0.99272 0.53766 -0.57818 1.82369 -0.84369 0.55961 0.17229 -2.44553 -0.35573 -1.71801
1.8616 1.71887 -0.19392 -1.87759 2.77127 0.39043 -0.54508 -0.94696 0.61515 -1.91514 -0.83108 -0.72688 -0.81146 0.73946 1.58784 1.3362 -0.13602 0.33999 -1.08718 -3.56929 1.87463 0.35795 -0.21596 -0.79621 -0.91827 -7.11945 -0.87998 1.77523 0.65231 0.34282 15.9881 1.48606 -1.34474 -2.1412 0.32288 1.24637 0.85743 0.58889 2.13082 -0.49599 -1.71907 0.69007 -0.24634 1.62041 -0.63813 0.53512 -0.14255 -2.42583 0.13022 -1.33677
2.04778 3.5 -1.6552 -1.33625 4.70664 -0.93486 -2.07244 -1.0782 0.08672 -2.53799 0.01753 -1.44811 -1.22816 1.59884 2.97228 3.45255 -0.13529 0.74113 -4.10471 -3.97357 0.98716 0.92051 1.56257 0.34966 0.63142 -12.18952 -3.88639 4.27368 1.55847 0.04342 26.7751 -0.77784 -2.08961 -3.68013 0.7017 -0.07823 1.89263 2.17589 3.12966 -0.49029 -2.10262 1.0899 -1.448 2.5947 -2.48359 1.92098 1.06001 -3.28312 -0.12993 -0.88796
2.7775 3.32908 -2.0925 -0.36581 5.61505 -0.89856 -1.79074 -1.57369 -0.84278 -1.98272 0.44736 -0.85018 -1.46946 0.96192 2.98291 2.86944 -0.83836 0.81787 -4.06231 -4.08917 -0.19088 1.02985 0.26154 -0.41954 0.99025 -11.60077 -4.34984 4.16519 0.93263 -0.89414 24.9324 0.1659 -1.85986 -4.1736 0.63521 0.24581 1.18938 1.12172 1.38775 -1.21085 -2.00682 1.64504 -2.28427 2.22996 -3.09743 0.4366 1.43871 -3.24616 0.03786 -1.40706
2.50918 2.4422 -1.97317 -0.81991 4.76908 -0.69944 -3.29754 -0.8799 -0.6457 -2.63045 -0.83114 -0.85 -2.62936 0.87798 2.88547 2.00685 0.39084 1.10537 -2.85721 -2.78817 0.54631 1.38909 0.03087 0.50043 0.37567 -12.22905 -3.59576 3.27808 0.18767 -1.64798 23.9024 -0.68014 -2.15263 -3.1493 0.25243 0.35473 1.51458 1.3019 1.88226 -1.05168 -1.95365 0.63944 -1.8299 1.92268 -1.69943 1.4879 -0.50219 -3.14522 -0.08335 -1.19912
2.05566 4.54198 1.74381 -0.34886 4.80587 -0.36772 -0.03341 -2.36335 0.12623 -2.51545 -0.41705 -1.46337 -1.1526 2.19407 2.94607 2.60997 -1.50306 -0.91386 -4.54311 -4.88655 1.58658 0.95368 2.25527 -0.64801 -0.52996 -9.06158 -2.29058 1.54043 1.61336 0.30363 25.4352 0.29092 -3.26776 -2.43815 1.49645 0.31404 3.33876 1.66975 2.45678 -0.22321 -0.78707 0.72046 0.57832 2.52568 -2.65189 2.71847 2.01299 -4.37051 -0.24301 -1.63722
2.78538 4.37106 1.30651 0.62158 5.71428 -0.33142 0.24829 -2.85884 -0.80327 -1.96019 0.01278 -0.86544 -1.3939 1.55715 2.9567 2.02686 -2.20613 -0.83712 -4.50071 -5.00215 0.40854 1.06302 0.95424 -1.41721 -0.17113 -8.47283 -2.75403 1.43194 0.98752 -0.63393 23.5925 1.23466 -3.03801 -2.93162 1.42996 0.63808 2.63551 0.61558 0.71487 -0.94377 -0.69128 1.2756 -0.25795 2.16094 -3.26573 1.23409 2.39169 -4.33355 -0.07522 -2.15632
2.51706 3.48418 1.42584 0.16748 4.86831 -0.1323 -1.25851 -2.16505 -0.60619 -2.60792 -1.26572 -0.86526 -2.5538 1.47321 2.85926 1.16427 -0.97693 -0.54962 -3.29561 -3.70115 1.14573 1.42226 0.72357 -0.49724 -0.78571 -9.10111 -1.99995 0.54483 0.24256 -1.38777 22.5625 0.38862 -3.33078 -1.90732 1.04718 0.747 2.96071 0.79576 1.20938 -0.7846 -0.63811 0.27 0.19642 1.85366 -1.86773 2.28539 0.45079 -4.23261 -0.19643 -1.94838
2.44375 5.93915 1.82969 -1.0797 5.84192 -0.57066 -0.85473 -2.94594 0.37124 -3.48144 0.66703 -1.85904 -1.34165 1.82545 4.13529 4.42175 -1.1953 0.08058 -6.11718 -5.04505 -0.17443 -0.19565 3.65118 0.53301 -0.33046 -12.55488 -3.89501 4.97358 1.92851 0.66268 32.8257 -0.89739 -2.01392 -3.18487 1.61988 -0.79839 3.89346 1.43282 3.71341 -1.29512 -1.83743 0.56541 0.04341 3.39013 -4.45174 2.35312 2.41379 -4.64146 0.27562 -0.95701
3.75467 5.08938 1.84303 -1.26964 6.496 0.43039 -0.88915 -3.22601 -0.4323 -1.71421 0.16428 -2.61031 -0.74902 1.36855 5.21498 3.98478 -0.71416 1.48825 -6.23199 -6.34527 -0.94744 0.32583 3.70299 0.49885 -0.21676 -14.94488 -4.22423 4.34441 3.28834 0.94557 37.2898 -0.00241 -2.29823 -3.75207 1.83207 -1.08934 3.13515 2.89279 2.68849 -1.73569 -2.22813 1.54186 0.45142 4.46457 -3.83228 2.5248 0.839 -4.09171 -0.96941 0.73853
3.40443 5.23846 1.97546 -1.31769 6.77046 0.82843 0.25663 -3.3481 0.18674 -2.52894 0.67377 -2.25397 -0.33259 1.14453 3.6807 4.80115 -1.03009 0.23243 -5.68329 -6.69873 -0.33134 -0.82944 3.08565 -0.02177 -0.74345 -14.82978 -4.46673 4.05678 1.59532 1.05954 37.3651 -0.01472 -1.63561 -2.99414 2.21112 -1.88644 2.84866 1.56531 3.86539 -1.42821 -2.80408 1.72945 0.40745 4.49874 -4.06718 2.50341 1.67757 -4.50944 -0.45964 -0.74002
2.82446 6.10265 1.60473 -1.13382 6.13469 -0.912 -0.45737 -2.87396 0.23318 -3.39625 0.46454 -1.8515 -1.44737 1.69604 3.68641 4.24303 -1.02614 0.41206 -6.34874 -5.41354 -0.49837 0.0165 3.15307 0.50045 -0.3087 -12.9573 -3.6272 5.24118 2.01703 0.37001 32.8074 -0.86813 -2.2774 -3.18109 1.36392 -0.86348 3.85473 1.42251 3.4163 -1.03087 -1.35723 0.77989 -0.14717 3.69167 -4.42514 2.44822 2.23024 -4.82445 -0.05749 -1.00576
2.611 5.29431 2.29874 -1.34688 6.54848 -0.17162 -0.73428 -3.5014 0.08158 -2.00205 0.97108 -2.5103 -0.64892 0.88079 4.52307 4.61038 -1.28043 0.77589 -6.42826 -6.30416 0.24499 -0.27069 3.46369 0.13722 -0.63281 -14.80218 -3.80805 3.71996 2.24157 1.24248 37.3838 0.49169 -1.81781 -3.53824 2.26224 -1.85498 2.83116 2.13671 3.61684 -1.5922 -2.73813 1.20677 0.61509 4.17417 -3.62251 2.12507 1.76591 -3.86802 -0.28465 -0.03164
4.13067 4.96176 1.93938 -1.06148 6.36898 0.2585 -1.35072 -3.47944 -0.36219 -2.01971 -0.08353 -2.51494 -1.05335 1.45411 5.31385 3.78294 -0.60848 1.52678 -6.05978 -6.38767 -0.68045 0.69291 3.8064 0.46558 -0.23399 -14.99408 -4.40505 3.87716 2.76476 0.37674 37.808 0.18975 -2.53408 -3.67659 1.81165 -0.78061 2.94673 2.4213 2.73246 -1.44893 -2.38872 1.62295 0.69629 4.29859 -3.44639 2.64475 0.75313 -3.88788 -1.48324 0.22776
3.75556 6.86204 0.11809 1.61773 5.13527 0.46295 -0.96946 -3.28176 -1.89388 -2.89336 1.30635 -0.95601 -2.4891 0.36663 3.00324 2.90164 -1.49069 0.02036 -5.79705 -4.48552 -0.83977 0.02706 4.81622 1.53398 -1.32754 -14.5132 -4.14672 3.47422 2.90313 -0.20674 38.6936 -1.24837 -4.33687 -4.06558 1.70593 -2.42065 2.30047 1.53643 3.4895 1.04111 -1.09645 0.97905 0.19427 1.72741 -5.01288 1.85032 1.34421 -6.50462 -0.07608 0.49233
3.17347 5.76823 1.39239 -0.10926 6.75033 -0.53436 -0.57303 -3.44143 -0.55826 -2.92617 1.09686 -1.26111 -1.58295 1.18853 4.14592 3.83864 -1.89837 0.15732 -6.07478 -5.16065 -1.35248 -0.08631 2.35015 -0.23619 0.02837 -11.96613 -4.35846 4.86509 1.30267 -0.27488 30.983 0.04635 -1.78417 -3.67834 1.55339 -0.47435 3.19021 0.37865 1.9715 -2.01568 -1.74163 1.12055 -0.79286 3.0254 -5.06558 0.86874 2.79249 -4.6045 0.4434 -1.47611
4.48439 4.91846 1.40573 -0.2992 7.40441 0.46669 -0.60745 -3.7215 -1.3618 -1.15894 0.59411 -2.01238 -0.99032 0.73163 5.22561 3.40167 -1.41723 1.56499 -6.18959 -6.46087 -2.12548 0.43517 2.40196 -0.27035 0.14207 -14.35613 -4.68768 4.23592 2.6625 0.00801 35.4471 0.94133 -2.06848 -4.24554 1.76558 -0.7653 2.4319 1.83862 0.94658 -2.45625 -2.13233 2.097 -0.38485 4.09983 -4.44612 1.04042 1.2177 -4.05475 -0.80163 0.21943
4.13415 5.06754 1.53816 -0.34725 7.67887 0.86473 0.53833 -3.84359 -0.74276 -1.97367 1.1036 -1.65604 -0.57389 0.50761 3.69133 4.21804 -1.73317 0.30917 -5.64089 -6.81433 -1.50938 -0.7201 1.78462 -0.79097 -0.38462 -14.24103 -4.93018 3.94829 0.96948 0.12198 35.5224 0.92902 -1.40586 -3.48761 2.14463 -1.5624 2.14541 0.51114 2.12348 -2.14877 -2.70828 2.28459 -0.42882 4.134 -4.68102 1.01903 2.05627 -4.47248 -0.29185 -1.25912
3.55418 5.93173 1.16743 -0.16338 7.0431 -0.8757 -0.17567 -3.36945 -0.69632 -2.84098 0.89437 -1.25357 -1.68867 1.05912 3.69704 3.65992 -1.72921 0.4888 -6.30634 -5.52914 -1.67641 0.12584 1.85204 -0.26875 0.05013 -12.36855 -4.09065 5.13269 1.39119 -0.56755 30.9647 0.07561 -2.04765 -3.67456 1.29743 -0.53944 3.15148 0.36834 1.67439 -1.75143 -1.26143 1.33503 -0.98344 3.32693 -5.03898 0.96384 2.60894 -4.78749 0.11029 -1.52486
3.34072 5.12339 1.86144 -0.37644 7.45689 -0.13532 -0.45258 -3.99689 -0.84792 -1.44678 1.40091 -1.91237 -0.89022 0.24387 4.5337 4.02727 -1.9835 0.85263 -6.38586 -6.41976 -0.93305 -0.16135 2.16266 -0.63198 -0.27398 -14.21343 -4.2715 3.61147 1.61573 0.30492 35.5411 1.43543 -1.58806 -4.03171 2.19575 -1.53094 2.12791 1.08254 1.87493 -2.31276 -2.64233 1.76191 -0.22118 3.80944 -4.23635 0.64069 2.14461 -3.83106 -0.11687 -0.55074
4.86039 4.79084 1.50208 -0.09104 7.27739 0.2948 -1.06902 -3.97493 -1.29169 -1.46444 0.3463 -1.91701 -1.29465 0.81719 5.32448 3.19983 -1.31155 1.60352 -6.01738 -6.50327 -1.85849 0.80225 2.50537 -0.30362 0.12484 -14.40533 -4.8685 3.76867 2.13892 -0.56082 35.9653 1.13349 -2.30433 -4.17006 1.74516 -0.45657 2.24348 1.36713 0.99055 -2.16949 -2.29292 2.17809 -0.13998 3.93384 -4.06023 1.16037 1.13183 -3.85092 -1.31546 -0.29134
4.48528 6.69112 -0.31921 2.58817 6.04368 0.49925 -0.68776 -3.77725 -2.82338 -2.33809 1.73618 -0.35808 -2.7304 -0.27029 3.01387 2.31853 -2.19376 0.0971 -5.75465 -4.60112 -2.01781 0.1364 3.51519 0.76478 -0.96871 -13.92445 -4.61017 3.36573 2.27729 -1.1443 36.8509 -0.30463 -4.10712 -4.55905 1.63944 -2.09661 1.59722 0.48226 1.74759 0.32055 -1.00065 1.53419 -0.642 1.36267 -5.62672 0.36594 1.72291 -6.46766 0.0917 -0.02677
2.90515 4.88135 1.51172 -0.56336 5.90436 -0.33524 -2.07983 -2.74764 -0.36118 -3.5739 -0.18164 -1.26093 -2.74285 1.10459 4.04848 2.97605 -0.66917 0.44482 -4.86968 -3.85965 -0.61528 0.27293 2.11948 0.68378 -0.58621 -12.59441 -3.60438 3.97798 0.55771 -1.02872 29.953 -0.79969 -2.07694 -2.65404 1.17061 -0.36543 3.51541 0.55883 2.46601 -1.85651 -1.68847 0.11495 -0.33849 2.71812 -3.66758 1.92004 0.85159 -4.50356 0.3222 -1.26817
4.21607 4.03158 1.52506 -0.7533 6.55844 0.66581 -2.11425 -3.02771 -1.16472 -1.80667 -0.68439 -2.0122 -2.15022 0.64769 5.12817 2.53908 -0.18803 1.85249 -4.98449 -5.15987 -1.38829 0.79441 2.17129 0.64962 -0.47251 -14.98441 -3.9336 3.34881 1.91754 -0.74583 34.4171 0.09529 -2.36125 -3.22124 1.3828 -0.65638 2.7571 2.0188 1.44109 -2.29708 -2.07917 1.0914 0.06952 3.79255 -3.04812 2.09172 -0.7232 -3.95381 -0.92284 0.42737
3.86583 4.18066 1.65749 -0.80135 6.8329 1.06385 -0.96847 -3.1498 -0.54568 -2.6214 -0.1749 -1.65586 -1.73379 0.42367 3.59389 3.35545 -0.50396 0.59667 -4.43579 -5.51333 -0.77219 -0.36086 1.55395 0.129 -0.9992 -14.86931 -4.1761 3.06118 0.22452 -0.63186 34.4924 0.08298 -1.69863 -2.46331 1.76185 -1.45348 2.47061 0.69132 2.61799 -1.9896 -2.65512 1.27899 0.02555 3.82672 -3.28302 2.07033 0.11537 -4.37154 -0.41306 -1.05118
3.28586 5.04485 1.28676 -0.61748 6.19713 -0.67658 -1.68247 -2.67566 -0.49924 -3.48871 -0.38413 -1.25339 -2.84857 0.97518 3.59959 2.79733 -0.50001 0.7763 -5.10124 -4.22814 -0.93922 0.48508 1.62137 0.65122 -0.56445 -12.99683 -3.33657 4.24558 0.64623 -1.32139 29.9347 -0.77043 -2.34042 -2.65026 0.91465 -0.43052 3.47668 0.54852 2.1689 -1.59226 -1.20827 0.32943 -0.52907 3.01965 -3.64098 2.01514 0.66804 -4.68655 -0.01092 -1.31692
3.0724 4.23651 1.98077 -0.83054 6.61092 0.0638 -1.95938 -3.3031 -0.65084 -2.09451 0.12241 -1.91219 -2.05012 0.15993 4.43626 3.16468 -0.7543 1.14013 -5.18076 -5.11876 -0.19586 0.19789 1.93199 0.28799 -0.88856 -14.84171 -3.51742 2.72436 0.87077 -0.44892 34.5111 0.58939 -1.88083 -3.00741 1.81297 -1.42202 2.45311 1.26272 2.36944 -2.15359 -2.58917 0.75631 0.23319 3.50216 -2.83835 1.69199 0.20371 -3.73012 -0.23808 -0.3428
4.59207 3.90396 1.62141 -0.54514 6.43142 0.49392 -2.57582 -3.28114 -1.09461 -2.11217 -0.9322 -1.91683 -2.45455 0.73325 5.22704 2.33724 -0.08235 1.89102 -4.81228 -5.20227 -1.1213 1.16149 2.2747 0.61635 -0.48974 -15.03361 -4.11442 2.88156 1.39396 -1.31466 34.9353 0.28745 -2.5971 -3.14576 1.36238 -0.34765 2.56868 1.54731 1.48506 -2.01032 -2.23976 1.17249 0.31439 3.62656 -2.66223 2.21167 -0.80907 -3.74998 -1.43667 -0.0834
4.21696 5.80424 -0.19988 2.13407 5.19771 0.69837 -2.19456 -3.08346 -2.6263 -2.98582 0.45768 -0.3579 -3.8903 -0.35423 2.91643 1.45594 -0.96456 0.3846 -4.54955 -3.30012 -1.28062 0.49564 3.28452 1.68475 -1.58329 -14.55273 -3.85609 2.47862 1.53233 -1.89814 35.8209 -1.15067 -4.39989 -3.53475 1.25666 -1.98769 1.92242 0.66244 2.2421 0.47972 -0.94749 0.52859 -0.18763 1.05539 -4.22872 1.41724 -0.21799 -6.36672 -0.02951 0.18117
