1.93259 1.03191 -0.26746 -1.49345 3.80831 -1.24841 -3.02774 0.18198 -0.60956 -2.14362 -1.42222 -1.14893 -2.17515 2.47299 1.04698 1.4981 -1.06057 0.24768 -5.26444 -5.31714 2.18219 1.75924 0.95336 -0.42742 0.10238 -10.77345 -0.91162 4.20802 2.4277 -1.53229 22.5735 1.10249 -1.47754 -1.57839 0.81062 0.87244 0.84508 1.4085 1.5049 -1.2246 -1.48096 1.41052 -1.02988 1.39067 -1.04306 1.60571 0.4285 -5.531 0.22314 -2.33215
2.72726 0.76784 -0.04372 -1.02723 2.29081 0.10626 -2.55271 -0.2145 -0.63897 -0.88055 -1.10847 -1.42434 -1.70228 1.11079 0.54472 1.25013 -1.03323 -0.21903 -4.58562 -3.37082 1.9994 1.36474 -0.12919 -0.37529 -0.44634 -8.76178 -1.24991 3.1124 2.79136 -1.49584 19.2685 0.31164 -0.77571 -0.67643 1.40543 0.76852 0.08206 0.66896 1.31033 -1.30382 -0.90376 1.31133 -0.1849 0.25 -1.35222 1.21285 0.88346 -5.2304 0.16305 -2.31822
2.14589 1.07227 -0.06553 -1.28571 2.16868 -0.87796 -1.38508 0.34276 -0.67411 -1.29855 -1.18547 -1.34486 -1.70355 1.65429 -0.46377 0.66957 -0.94871 -0.29233 -5.19963 -4.12894 2.07384 0.45369 -0.23669 -0.94294 0.57097 -8.95554 -1.16542 3.79682 1.61114 -1.27753 18.55087 0.92465 -0.54972 -0.80519 0.35163 -0.04394 0.70799 0.31049 0.39494 -0.93748 -1.11213 1.16413 -0.47224 -0.13344 -1.5586 1.28997 0.58466 -5.0774 0.78314 -2.97803
1.89108 0.12262 0.87649 -2.08274 2.66185 -2.38597 -2.96892 -0.41283 0.16386 -2.57396 0.08267 -1.43995 -1.6501 3.45338 0.7446 2.9263 -2.04913 2.62665 -4.56245 -5.47646 3.11965 2.62454 0.66692 -0.97006 -0.99898 -11.66184 -1.09256 4.6762 3.13678 -0.32398 23.32535 2.58569 -2.2353 -0.62504 0.65201 1.72702 0.91292 2.06483 3.17612 -0.7244 -0.79818 2.02625 -0.74415 1.28153 -0.93139 1.10002 0.4853 -4.91185 -1.04357 -1.03433
2.68575 -0.14145 1.10023 -1.61652 1.14435 -1.0313 -2.49389 -0.80931 0.13445 -1.31089 0.39642 -1.71536 -1.17723 2.09118 0.24234 2.67833 -2.02179 2.15994 -3.88363 -3.53014 2.93686 2.23004 -0.41563 -0.91793 -1.5477 -9.65017 -1.43085 3.58058 3.50044 -0.28753 20.02035 1.79484 -1.53347 0.27692 1.24682 1.6231 0.1499 1.32529 2.98154 -0.80362 -0.22098 1.92706 0.10084 0.14086 -1.24056 0.70716 0.94026 -4.61125 -1.10365 -1.0204
1.85845 -0.23118 0.41473 -0.74907 0.85075 -0.88541 -2.30709 -0.39601 0.19786 -1.69363 0.52692 -1.05442 -1.65714 0.80073 0.07947 0.9958 -0.28391 0.3486 -4.73476 -2.15959 1.76238 0.47257 0.90712 -0.92072 -0.81312 -8.8847 -0.87915 1.4875 1.61596 -0.3608 18.0239 1.44081 -1.74295 -1.03892 0.52048 -0.25488 -0.32428 0.41294 0.67023 -0.07183 -0.92449 1.0121 0.52268 -0.88496 -1.25219 1.04782 0.06762 -1.95525 -0.97023 -1.20928
3.09029 4.07334 -0.06985 1.27379 4.62274 1.75919 2.00787 -2.56874 -1.78861 0.55288 0.45735 -1.82761 0.03673 -2.4592 0.9683 1.49769 -1.56834 -1.59649 -6.05082 -3.37686 0.76413 -0.20951 1.05053 -1.338 -1.32015 -7.32596 -1.56144 1.23094 2.93676 -0.51237 23.4316 1.89031 -1.34298 -2.756 2.75659 0.01783 1.16847 0.47125 0.66244 -0.76995 0.57177 1.66786 0.89451 -0.22443 -3.84833 2.68481 2.25106 -4.65501 1.1612 -2.75033
3.09029 4.07334 -0.06985 1.27379 4.62274 1.75919 2.00787 -2.56874 -1.78861 0.55288 0.45735 -1.82761 0.03673 -2.4592 0.9683 1.49769 -1.56834 -1.59649 -6.05082 -3.37686 0.76413 -0.20951 1.05053 -1.338 -1.32015 -7.32596 -1.56144 1.23094 2.93676 -0.51237 23.4316 1.89031 -1.34298 -2.756 2.75659 0.01783 1.16847 0.47125 0.66244 -0.76995 0.57177 1.66786 0.89451 -0.22443 -3.84833 2.68481 2.25106 -4.65501 1.1612 -2.75033
3.0082 3.25647 -0.57368 -0.43478 3.41485 1.19934 0.54031 -2.74227 0.38607 0.06323 1.41109 -2.73307 0.98461 -1.38544 0.97954 1.97639 -2.72179 -0.22878 -4.69323 -3.91993 1.8873 -0.72341 -0.61596 -2.48463 -1.21624 -7.2583 -3.41195 2.51529 2.01198 1.80509 21.1624 1.28501 0.09576 -3.44683 2.0058 0.00023 -0.09795 0.19203 0.74889 -0.48532 -1.68848 1.8608 -0.53302 -0.06256 -3.0848 -0.5721 2.08097 -3.32551 0.08619 -1.95247
2.32983 2.19045 0.36507 -2.40862 -0.10658 -0.64225 2.05611 -1.13999 2.58965 -1.70174 2.27182 -2.25686 1.1857 1.71274 -0.83442 3.42792 -2.49537 1.80919 -5.03306 -4.96165 3.64418 -0.93004 0.31855 -2.46959 -1.38357 -9.3697 -2.09571 4.51809 3.24525 3.6154 22.15562 2.25493 -1.07271 -1.88422 0.7078 0.63346 1.41923 1.33583 3.56461 1.26811 -0.98745 2.20752 0.89235 -0.07172 -2.24788 1.33572 1.81793 -3.22816 -0.46896 -1.04432
2.41093 2.28245 -0.90313 -0.95595 2.39438 -1.03332 -1.71459 -0.35212 -0.78347 -2.23684 -0.7188 -1.80466 -1.94057 1.37224 -0.23822 0.87767 -1.36399 -0.25784 -5.44063 -3.81689 2.67398 0.00128 -0.23115 -1.10761 -0.12517 -10.65134 -2.65347 3.64712 0.33655 -0.86176 22.93127 0.28421 -1.68258 -2.24098 0.31068 -0.21293 1.61279 -0.15844 -0.13761 -0.92193 -1.16531 0.35346 -1.26374 -0.65566 -2.06887 1.39923 0.35226 -4.48827 0.65583 -3.61876
3.12828 3.13117 0.75313 -2.61027 0.48389 -0.41914 0.04094 -1.49986 2.49575 -0.79165 1.68471 -3.46365 1.63558 -0.91533 -0.01808 2.95634 0.42154 1.26101 -6.42953 -5.52987 3.19788 -2.48428 0.46435 -3.76939 -0.10777 -12.20497 -2.26099 4.04213 0.96889 2.88488 32.04567 1.75639 -0.96512 -2.38186 0.2998 0.53854 1.35425 1.01352 4.74839 0.46648 -3.017 1.08099 -0.42832 1.0124 -2.86635 1.17754 0.18108 -4.20292 1.25301 -4.84258
3.30264 3.82755 -1.82013 -1.07689 4.71167 0.03273 -0.10415 -2.41097 0.41616 -2.81589 1.50391 -1.8145 -0.83976 0.75464 1.31469 2.55996 -2.09215 0.19684 -6.59178 -6.45127 2.03328 -0.88059 0.31442 -2.81699 -1.18195 -13.13367 -4.12558 4.00018 1.44648 1.03146 31.9544 1.75888 -2.28379 -5.25407 1.25358 0.92691 1.02188 0.46643 1.50892 -0.58125 -2.52168 1.6039 -1.30998 1.12171 -3.27261 0.81397 1.91009 -4.35461 -0.03422 -3.70374
3.82269 2.20411 -1.40376 -1.05874 1.98068 1.80719 -1.61464 -1.77492 0.49211 -2.29348 0.13551 -2.12032 -1.8193 -0.99967 1.49565 1.12804 -0.14033 -0.25392 -3.19226 -1.43325 2.22891 -0.80573 -1.40469 -1.12839 -2.27856 -10.67078 -3.03184 0.99725 0.04658 0.0205 24.5604 0.14547 -1.77108 -2.49984 1.18384 1.10016 0.37645 -0.00756 2.26894 -0.55868 -2.22538 0.26787 -0.06533 0.0227 -2.2593 0.9396 0.20132 -3.00048 -0.18742 -3.42731
1.81156 2.40597 2.64141 -3.765 4.30639 -1.81338 -2.71669 -1.52933 -0.65631 -3.48661 0.44655 -2.45819 -1.14233 3.19004 0.92006 3.30638 -2.93067 1.86824 -8.46647 -6.40849 4.57163 3.08236 3.48997 -2.68212 -1.40841 -16.88614 -1.09615 3.73872 3.09529 -0.66482 37.59715 3.6208 -4.17736 -0.96961 1.97468 0.50463 1.36325 2.23949 5.52722 -0.49023 -1.53172 2.37854 1.05208 2.01018 -3.60821 1.906 1.69128 -5.20567 -1.76997 -2.63369
2.35059 1.28159 -0.67988 -1.37175 4.15358 -1.29286 -3.52462 0.00336 -0.61022 -2.80022 -1.14379 -1.2966 -2.73192 2.61957 1.03747 1.50975 -0.95853 0.11976 -6.10874 -5.43895 2.16539 1.42645 0.79816 -0.65873 -0.08943 -12.65575 -1.67908 4.30707 2.00645 -1.72755 26.5806 0.91655 -2.0004 -1.8952 0.81122 0.87989 1.02286 1.24953 1.51695 -1.27882 -1.77967 1.25303 -1.37746 1.34503 -1.48557 1.79356 0.43129 -5.71511 0.108 -3.11796
3.8442 3.75583 -1.39852 -0.19138 4.10539 1.11043 -0.45345 -3.09951 0.38475 -1.24997 1.96795 -3.02841 -0.12893 -1.09228 0.96052 1.99971 -2.51771 -0.48462 -6.38183 -4.16355 1.8537 -1.38899 -0.92636 -2.94725 -1.59986 -11.0229 -4.94687 2.71339 1.16948 1.41457 29.1766 0.91313 -0.94998 -4.08045 2.00699 0.01512 0.25761 -0.12591 0.77297 -0.59376 -2.2859 1.54582 -1.22819 -0.15384 -3.96982 -0.1964 2.08654 -3.69373 -0.14409 -3.52409
2.9923 1.97802 -0.88132 -0.69747 2.51651 -0.0491 -2.88222 -0.90938 -0.74833 -1.81884 -0.6418 -1.88414 -1.9393 0.82874 0.77027 1.45822 -1.44851 -0.18454 -4.82662 -3.05877 2.59954 0.91233 -0.12365 -0.53996 -1.14248 -10.45758 -2.73796 2.9627 1.51677 -1.08007 23.6489 -0.3288 -1.90857 -2.11222 1.36448 0.59953 0.98686 0.20003 0.77777 -1.28827 -0.95694 0.50066 -0.9764 -0.27222 -1.86249 1.32211 0.65106 -4.64127 0.03574 -2.95895
2.9435 -0.02707 0.24318 -1.48964 0.93428 -2.02045 -2.07642 0.42161 0.63246 -2.444 0.61081 -1.43638 -2.0613 3.23391 -1.12003 1.81792 -1.86073 1.55301 -6.19622 -4.30855 2.56465 0.82076 -0.80914 -1.54315 -0.31584 -12.06763 -1.64758 4.91459 2.33688 -0.47169 22.95332 1.98446 -1.60532 0.34756 0.20013 0.92537 1.07252 0.74682 1.85481 -0.25847 -0.74707 2.09681 -0.70657 -0.30441 -1.9597 1.20663 0.7234 -4.91992 -0.38923 -2.54926
2.3979 2.71228 2.56504 -3.64307 2.65496 -1.31465 -1.27942 -1.61747 -0.48347 -2.51165 0.80503 -2.88151 -0.1246 2.20503 -0.62194 2.54221 -2.54985 1.84934 -8.10812 -5.29659 4.5358 2.19625 2.21942 -3.12141 -1.18182 -14.93618 -1.70726 3.03887 1.97244 -0.27315 33.63552 3.53869 -3.38146 -0.5601 1.58006 -0.26374 0.9898 1.47912 4.38751 0.04874 -0.98115 2.27124 1.57205 0.41759 -4.39515 1.28916 1.42421 -4.56998 -1.5791 -3.04053
3.02065 1.47434 -0.94523 -0.93427 3.42591 -1.49369 -2.83452 -1.05248 1.2738 -2.4999 -0.74637 -1.05818 -1.39682 2.0932 0.55619 1.28702 -0.46293 -0.88268 -4.19071 -4.06524 2.20771 -0.19589 0.12986 -0.55176 0.19859 -10.43504 -0.70478 3.53516 0.12817 -2.09272 23.93417 0.63294 -1.3944 -0.8737 -0.27622 0.75347 0.92627 -0.13623 0.45658 -1.21824 -2.15498 0.63762 -1.16842 -0.13754 -0.47625 1.14236 0.74762 -5.54452 0.52588 -4.18961
3.04953 4.0199 -1.62226 -0.6576 5.62289 -0.24424 -0.92848 -2.70303 0.41416 -2.51304 1.6542 -2.753 -0.6018 0.26992 1.46278 2.24768 -2.54505 -0.01791 -7.06065 -6.10987 2.03649 -0.99449 0.15619 -2.99938 -1.05114 -13.03457 -4.60858 3.80901 0.80582 1.37812 32.4816 1.70398 -1.65181 -4.98241 1.41217 0.11904 1.02063 0.61363 0.96755 -0.51455 -2.8631 1.64501 -2.07317 0.98683 -3.66066 0.19646 1.63158 -3.99433 -0.084 -3.53802
3.30264 3.82755 -1.82013 -1.07689 4.71167 0.03273 -0.10415 -2.41097 0.41616 -2.81589 1.50391 -1.8145 -0.83976 0.75464 1.31469 2.55996 -2.09215 0.19684 -6.59178 -6.45127 2.03328 -0.88059 0.31442 -2.81699 -1.18195 -13.13367 -4.12558 4.00018 1.44648 1.03146 31.9544 1.75888 -2.28379 -5.25407 1.25358 0.92691 1.02188 0.46643 1.50892 -0.58125 -2.52168 1.6039 -1.30998 1.12171 -3.27261 0.81397 1.91009 -4.35461 -0.03422 -3.70374
2.71028 2.88149 1.16555 -2.73197 0.13862 -0.37468 0.53782 -1.32124 2.49641 -0.13505 1.40628 -3.31598 2.19235 -1.06191 -0.00857 2.94468 0.3195 1.38893 -5.58523 -5.40806 3.21468 -2.15149 0.61955 -3.53808 0.08404 -10.32267 -1.49353 3.94308 1.39014 3.08014 28.03857 1.94233 -0.44225 -2.06505 0.29921 0.53109 1.17647 1.17249 4.73635 0.52071 -2.71829 1.23848 -0.08074 1.05804 -2.42384 0.98969 0.17829 -4.01881 1.36815 -4.05677
2.61006 2.4808 2.4267 -3.07993 2.68143 -0.02235 -2.63747 -1.93451 -0.50755 -2.33758 0.84151 -2.70983 -0.62115 1.71967 0.48227 2.70936 -2.82003 1.50161 -7.73281 -3.95909 4.21251 3.04287 2.57367 -2.53117 -2.20779 -14.52659 -1.60859 2.04511 3.09261 -0.5397 33.70065 2.8955 -3.64671 -0.72078 2.83749 0.63101 0.74528 1.93873 5.18043 -0.27705 -0.9055 2.25156 1.70615 0.33311 -4.33263 1.73804 1.65494 -4.84004 -1.89687 -2.37523
5.18677 2.6809 -1.35425 -2.16863 6.07114 -0.37761 -6.902 -0.86234 -1.78036 -4.19373 -2.19747 -2.75428 -4.85708 2.58086 2.49859 2.67304 -1.78404 -0.10765 -8.82604 -7.12339 4.76854 3.23091 0.91173 -0.33175 -1.07462 -21.52923 -3.08029 5.91851 2.93871 -3.37101 47.0097 1.11079 -3.14603 -3.38508 2.22353 1.9773 1.26832 2.01821 2.86317 -2.21904 -2.84102 2.0488 -1.8093 1.22222 -2.72727 2.53171 0.54496 -9.85178 0.0367 -5.61751
3.8442 3.75583 -1.39852 -0.19138 4.10539 1.11043 -0.45345 -3.09951 0.38475 -1.24997 1.96795 -3.02841 -0.12893 -1.09228 0.96052 1.99971 -2.51771 -0.48462 -6.38183 -4.16355 1.8537 -1.38899 -0.92636 -2.94725 -1.59986 -11.0229 -4.94687 2.71339 1.16948 1.41457 29.1766 0.91313 -0.94998 -4.08045 2.00699 0.01512 0.25761 -0.12591 0.77297 -0.59376 -2.2859 1.54582 -1.22819 -0.15384 -3.96982 -0.1964 2.08654 -3.69373 -0.14409 -3.52409
1.0995 1.48408 1.44954 -2.48019 2.35443 0.07825 -0.58808 -0.69986 -0.50327 -1.83263 2.1842 -0.97417 -0.03648 0.68014 0.29213 2.01126 -3.34914 2.37008 -4.07932 -2.39457 3.33527 2.70716 0.57094 -1.42181 -1.99856 -9.25553 -1.17364 0.30538 2.53066 -0.4106 19.57908 2.41171 -2.89898 -2.37593 3.81746 1.21751 1.99068 1.21739 3.96874 0.35558 -0.14183 0.89183 1.43063 1.08595 -4.12485 -0.8064 1.83141 -1.95862 -0.50044 0.95672
3.92891 0.07933 -0.49841 -1.67559 1.04792 -2.50067 -1.69126 0.42291 1.40986 -2.2211 0.17186 -0.57207 -1.21807 2.81716 -1.7817 0.88386 -0.92518 1.07271 -7.3678 -3.952 2.29747 0.73591 -0.6087 -1.62633 -0.249 -11.55728 -1.18466 4.55709 1.93343 -0.06577 22.02866 1.59855 -1.81482 0.05812 0.35005 0.61405 1.28606 -0.1104 0.78724 -0.22888 0.03511 2.00284 -0.43482 -0.07689 -2.39184 1.62936 0.00341 -4.87314 0.06352 -2.77457
3.80052 4.19812 -1.01862 -2.05306 5.18767 0.96379 -0.29332 -2.72885 -0.44938 -1.70208 0.04585 -1.89126 -0.0256 0.55868 1.88669 3.11666 -2.92547 0.81118 -4.54074 -7.14031 3.19078 1.76511 -0.03677 -1.98228 -1.45425 -11.04145 -2.98219 4.45695 3.0012 0.5236 29.377 2.12483 -0.77933 -4.78528 2.39031 2.37229 0.79728 1.23849 2.64065 -0.87981 -1.86301 2.63551 -0.34041 1.75035 -2.47293 0.33801 1.86598 -6.84469 0.00193 -2.70424
2.19763 2.24209 -1.10506 -1.16369 4.03401 -1.40377 -3.35725 -0.5129 -0.71892 -3.08191 -0.95555 -1.60873 -2.41217 2.19094 1.27253 1.70619 -1.47585 0.28217 -5.50544 -5.00509 2.78233 1.30683 0.9589 -0.59209 -0.59376 -12.46925 -2.39967 4.05832 1.15312 -1.11652 26.9539 0.46205 -2.6104 -3.01418 0.76967 0.70345 1.74988 0.93957 0.97235 -1.20905 -1.53414 0.59985 -1.82138 0.86845 -1.55333 1.71497 0.1961 -4.94187 0.09583 -2.97288
1.9167 2.72685 -0.66494 -0.95375 4.36561 -0.70514 -1.09189 -1.66174 0.21929 -1.77371 0.89327 -2.27376 -0.21925 0.64853 2.13378 2.08071 -2.01336 -0.14882 -4.13452 -4.23098 1.46601 -0.40762 -0.02695 -1.67 -0.55566 -8.36907 -2.29625 2.9568 0.46737 1.10311 21.5479 2.0747 -0.89256 -3.14882 0.94537 0.27459 0.97398 0.93692 1.17375 -0.88346 -2.55119 1.28643 -1.85599 1.44359 -2.9038 -0.75322 1.62213 -2.63201 0.15315 -1.8939
4.35732 0.7354 -0.90178 -1.20905 1.05048 -1.62736 -2.69152 -0.65061 1.33629 -2.08479 0.4371 -0.96367 -0.89705 1.84503 -0.53815 1.66085 -1.52702 1.30842 -6.15049 -2.76002 2.83997 1.52734 -0.34046 -0.99204 -1.77064 -11.17702 -1.98974 3.62392 2.26031 0.32695 23.11959 0.53104 -2.6508 -0.9321 1.36231 1.25008 1.38715 -0.06189 1.15802 -0.52545 0.48901 1.49686 -0.5914 -0.17003 -2.25322 1.47365 0.06702 -4.2529 -0.56874 -1.96968
2.69616 1.38355 -0.51974 -1.36092 1.09092 1.12562 -1.29933 -1.07237 0.38896 -1.46122 -0.22177 -1.61049 -1.14424 -0.31289 1.38599 1.28243 -0.30392 -0.11328 -1.78173 -1.32506 2.0172 -0.32898 -1.18194 -0.51551 -1.84977 -7.08478 -1.39746 1.16524 0.72673 0.03906 16.6857 0.49271 -1.11548 -1.49422 0.99881 1.08746 0.53741 0.23037 2.01505 -0.87022 -1.5794 0.14053 0.20655 0.13052 -1.42691 0.52273 0.41471 -2.59075 0.02164 -1.83775
2.44969 2.18516 -0.95799 -0.84791 2.96107 -1.56014 -2.17027 -1.39012 1.16575 -2.12499 -0.83656 -1.22263 -0.5203 1.51799 0.80076 1.4718 -1.08229 -0.59235 -2.74311 -3.50957 2.84145 0.01728 0.4458 -0.25381 -0.11393 -8.36624 -0.65791 3.18736 -0.30392 -1.28643 20.30037 0.36438 -1.48152 -1.67587 -0.31836 0.56959 1.47551 -0.28722 -0.10007 -1.09424 -1.61074 0.14194 -1.26476 -0.56849 -0.1015 0.87592 0.50965 -4.58717 0.62885 -3.25872
3.62134 0.86111 1.1851 -2.43558 0.7204 -0.47158 -2.259 0.4865 0.67944 -1.19422 -0.54806 -1.08689 -0.69884 1.56252 -0.12632 1.8081 0.97493 1.25302 -5.82007 -4.93065 3.41088 -0.78548 0.38576 -1.63349 1.15201 -11.60409 -0.20361 4.6845 1.61448 -1.21005 25.41917 1.11413 -1.37931 0.5266 -0.13519 1.27942 0.89875 0.90319 3.71768 -0.69451 -1.39753 0.96868 -0.81853 0.6869 -1.92647 1.22742 0.33452 -5.07798 1.42442 -4.84125
2.7302 -0.06743 0.04125 -1.69738 2.57391 -2.3909 -3.71908 0.26083 0.69701 -3.28907 0.37406 -1.24045 -2.5329 4.05261 0.39072 2.64644 -1.97259 2.09302 -6.26103 -5.49675 2.673 2.12631 0.38091 -1.02763 -0.78443 -13.88554 -1.39378 5.32579 3.15344 -0.72645 26.97595 2.1623 -2.53314 -0.42564 0.65911 1.84175 1.20961 1.84483 2.96477 -0.54558 -1.1159 2.3432 -1.26421 1.2197 -1.44416 1.52237 0.56724 -5.37352 -0.94923 -1.90338
2.59674 3.4645 -0.93341 -1.17738 2.89647 0.37749 -2.52381 -1.65816 -0.23606 -3.06374 2.16266 -3.32642 -2.87201 0.00054 1.29703 1.5947 -2.98675 1.36811 -8.64023 -1.94365 5.00895 1.8196 -0.19876 -2.64707 -3.37331 -17.49865 -3.16183 0.72671 1.4681 0.28519 37.62205 0.46966 -4.52643 -3.4081 3.37085 1.04017 2.30594 2.05263 4.20504 0.37168 -1.37287 1.15786 0.62029 -0.53426 -4.91762 1.75989 1.33205 -4.84413 -1.29878 -3.0217
2.41307 2.27976 1.82161 -3.19473 1.12057 -0.23648 -4.42156 -1.56828 -1.67482 -2.86028 0.89173 -2.52215 -2.80318 3.03141 0.0753 2.0004 -2.71876 0.80477 -8.30504 -4.99882 3.30615 3.30652 1.98173 -2.61319 -2.1445 -14.64902 -1.34836 2.35463 2.24842 0.06551 35.8803 1.6485 -2.12634 -2.16673 2.69889 1.85008 1.59349 1.74916 4.0884 0.67632 -1.37846 2.23339 0.95925 1.62058 -3.31629 1.4214 1.36675 -4.69264 -2.97595 -3.11494
2.35882 3.41002 1.43131 -3.89788 2.42822 -0.50552 -5.61844 -2.48943 -1.23089 -2.97031 1.54877 -2.87106 -1.32677 2.88654 1.62412 2.06201 -1.70796 1.51874 -8.66217 -4.99153 2.96236 4.08927 2.69498 -2.50183 -1.35913 -15.66411 -2.05759 1.33871 2.19093 0.04265 40.5423 3.07481 -2.58855 -3.60598 2.42963 2.3888 1.67132 2.34854 4.67389 0.57143 -2.28114 2.07098 1.59029 2.19805 -3.59523 1.77358 0.47181 -4.34609 -3.26724 -2.91818
0.21643 3.38036 -1.05638 -1.48099 2.60851 0.23278 -0.05251 -2.03235 2.43339 0.84893 1.23987 -0.92635 1.26699 -1.92682 1.47746 1.86223 -0.85414 -0.44429 -1.90287 -3.58071 -0.2416 -0.88791 1.60144 -2.41778 0.43483 -6.57373 -2.36449 1.72198 2.1639 1.36646 18.6916 2.69598 -0.16778 -1.05942 0.68485 -0.17573 -0.1248 1.29128 1.92083 -0.30814 -2.67665 0.62292 -1.08924 0.8727 0.51216 0.16681 0.52861 -2.94568 0.23907 -1.04557
3.7525 2.67273 -0.20231 -1.08907 2.74574 1.26584 0.04743 -2.44785 0.14426 -0.80285 1.06614 -1.2437 -0.25264 -0.75345 1.77864 2.62514 -0.93135 -0.09357 -2.54979 -3.115 0.83205 -0.61959 -1.11974 -1.55164 -1.08608 -8.2831 -3.07342 1.82696 1.42445 0.64793 21.2645 1.61552 -0.89649 -2.97436 1.33798 0.71842 -0.2031 -3e-05 1.61688 -1.23113 -1.93437 1.39583 0.03026 1.02368 -3.2227 -0.31824 1.77757 -2.74228 -0.3229 -2.18596
1.62666 3.33349 -0.84559 -1.17435 4.77644 -0.5241 -1.66502 -0.97587 0.2937 -1.60322 -0.66026 -0.87787 -1.62015 1.54844 2.90059 2.76918 -0.64443 0.09117 -2.96114 -4.24034 1.27034 2.05386 0.69462 -1.0558 0.85359 -10.81982 -3.87078 3.1986 1.29503 0.38006 22.1713 0.18114 -1.65153 -2.85501 0.29502 -0.03329 1.11552 1.86488 3.01751 -0.53959 -1.77193 1.88786 -1.24205 2.13998 -1.70468 1.62803 0.65937 -2.81581 -0.39833 -0.88825
0.87395 -0.01086 0.95802 -1.21803 -0.38796 0.68492 0.02243 -0.67145 0.77496 0.09933 0.32333 0.09546 -0.33145 -0.80709 0.92875 1.36335 0.6912 0.20475 0.29712 -1.16951 0.59601 -0.98171 0.17704 -0.24043 -0.52535 -3.1484 0.36537 0.12191 1.08151 0.54121 6.7622 1.62221 -0.33308 -0.98524 -0.03814 -0.316 -0.38169 0.44724 0.81006 -0.57107 -1.0668 0.07261 1.08137 0.08732 -0.21065 0.36531 -0.22597 0.1787 -0.17606 0.5885
1.75166 -0.79287 2.14562 -1.06968 -2.07488 -0.3836 -1.36937 0.68046 1.67478 0.20882 1.19465 -0.02131 0.69981 0.98062 -0.03828 2.32994 0.95451 1.92295 -2.0697 -2.68443 2.46764 -1.59383 0.93066 -1.08791 0.27258 -5.22385 1.00085 2.42019 1.92731 -0.57393 12.4436 0.3445 -0.89516 0.45455 -1.04622 1.34763 1.26836 0.24361 3.25699 0.72952 -0.37606 -0.3404 -0.20651 0.80048 -0.43749 1.05806 -0.89307 -1.25255 0.12288 -2.25172
1.87918 2.73834 -0.76972 -0.25122 2.6663 -0.35885 1.68951 -1.04052 -0.66518 -0.66358 0.38738 -1.11201 0.63431 0.45056 -0.14909 0.66958 -1.64007 -0.2437 -2.61662 -2.58179 0.32728 -0.21614 -1.24908 -1.64755 0.64839 -3.44616 -2.58684 2.29042 -0.41603 0.52029 9.77757 0.79226 0.18545 -1.80107 0.32172 0.21451 0.62674 -0.64677 -0.1206 -0.23949 -0.77723 1.33352 -0.99087 0.59855 -2.77592 -0.79428 1.70195 -2.58387 0.58839 -2.64846
1.17188 0.27943 -0.0423 -0.17335 0.71465 -0.07789 -1.64362 -0.11634 -0.21097 -0.86591 -0.24846 -0.26289 -1.45861 0.53418 0.47905 0.56678 0.03945 -0.71455 -1.98444 -1.18512 0.90858 -0.07206 0.57094 -0.12341 0.09868 -5.4027 -0.73103 0.83703 0.34693 -0.77682 11.1292 0.37803 -1.52191 -0.69807 0.00944 -0.30568 0.18802 -0.14647 -0.11821 -0.6582 -0.6365 0.08716 -0.73744 -0.29442 -0.72937 0.41678 0.26887 -0.77134 0.1501 -1.39458
0.79239 -0.54613 0.62296 0.2234 0.42668 0.22222 -1.72666 0.07588 -0.23375 -0.61566 0.81092 0.51491 -1.23183 1.84003 -0.8699 1.25511 -0.93306 -0.50792 -3.85939 -3.67654 0.85137 -0.93092 0.30951 -0.23397 0.31427 -6.0665 0.07855 1.79471 2.3989 -0.93522 13.0593 1.03507 -1.0969 -0.28738 0.65546 -0.09241 0.07464 0.05412 -0.42062 -0.29211 -0.06619 1.06248 -0.94632 0.35447 -0.79114 0.83387 1.34179 -1.88246 0.27373 -1.28289
0.78553 1.63635 0.96932 -1.45704 0.93554 -0.25454 -0.26149 -0.69902 0.91715 -0.48466 0.79259 -0.64595 0.95174 -0.04644 1.31813 2.63519 0.27912 -0.1178 -2.03599 -2.13029 1.39285 -1.38699 1.42202 -0.67589 -0.13714 -5.36447 -1.16027 0.81265 0.94288 1.2899 13.2863 1.35267 -0.73692 -1.02706 0.29649 -1.29428 0.03444 0.88689 1.70333 -0.98425 -1.61318 0.07644 0.50236 0.98331 -1.4854 0.65909 0.82806 -0.13178 -0.51597 0.06484
2.29443 -0.35781 1.47447 -1.53471 0.379 -2.03707 -2.20414 0.65324 1.06378 -0.61739 1.4825 1.53527 -1.74393 1.94473 0.32602 2.74077 -0.82139 1.44999 -2.77757 -4.18011 1.29184 2.13635 1.10523 -1.10456 1.08015 -11.75549 -2.12571 2.23858 4.16097 -1.73134 21.35335 3.94918 -3.83376 -0.28277 -0.43609 0.83626 0.55647 0.24271 2.0761 -1.01074 0.13021 1.41274 -0.20831 -0.95068 0.27746 0.77422 0.38735 -1.71389 -0.94784 0.88736
2.7302 -0.06743 0.04125 -1.69738 2.57391 -2.3909 -3.71908 0.26083 0.69701 -3.28907 0.37406 -1.24045 -2.5329 4.05261 0.39072 2.64644 -1.97259 2.09302 -6.26103 -5.49675 2.673 2.12631 0.38091 -1.02763 -0.78443 -13.88554 -1.39378 5.32579 3.15344 -0.72645 26.97595 2.1623 -2.53314 -0.42564 0.65911 1.84175 1.20961 1.84483 2.96477 -0.54558 -1.1159 2.3432 -1.26421 1.2197 -1.44416 1.52237 0.56724 -5.37352 -0.94923 -1.90338
0.41587 5.2258 0.78201 -2.69684 4.76266 -0.38287 -1.19507 -1.50803 -0.64505 -3.20901 -0.09743 -3.28768 -0.01317 2.23635 2.58066 2.42278 -1.87861 -0.97786 -7.43551 -4.23044 3.83532 1.77201 4.16577 -1.78668 -1.05337 -11.95734 -1.41641 1.40068 0.80658 0.70475 32.8363 0.9174 -3.73248 -2.82864 2.48885 -0.19794 2.98848 3.13881 4.67043 0.10348 -2.01226 0.92603 1.15399 2.27421 -5.10472 2.67601 2.26358 -4.02026 -0.97626 -3.04324
3.81703 3.07548 -1.98624 -0.19937 1.99607 -1.91808 -3.42649 -0.29326 -1.89081 -2.85163 -1.57087 -3.51077 -1.74756 0.70423 1.57578 2.39467 -2.40347 0.21912 -7.68112 -2.45476 5.21934 1.71679 1.90067 0.51762 -1.07902 -10.66478 -1.83077 4.24957 0.9754 -1.49299 27.42437 0.82764 -2.43319 -2.34062 0.60227 -0.24966 1.75786 0.15078 2.06334 -0.82037 -0.78692 -0.35226 -2.2287 0.20407 -2.66672 1.23359 2.17685 -5.23808 0.32671 -2.69233
3.23818 2.11575 -1.0232 -1.39853 1.73991 -2.76099 -3.93242 0.35913 -1.8411 -2.21287 -1.7197 -2.8262 -1.80616 0.68345 0.94112 2.4543 -1.34525 -0.42817 -7.34693 -2.74856 4.4142 1.86099 1.20713 0.25829 -0.51349 -11.23278 -0.6327 3.62987 1.99194 -1.86891 26.36098 1.17662 -1.887 -0.7071 1.09086 0.03648 0.89276 0.86133 2.31188 -0.64161 -0.40395 0.7204 -1.19087 0.88538 -1.33051 1.24153 2.19788 -5.59126 -0.35442 -2.99475
2.69848 1.33453 0.34517 -0.86281 0.80301 -2.41048 -0.38094 -1.41055 2.57878 -2.37995 1.73722 -2.11334 0.68098 1.7357 -0.48715 2.85658 -1.52453 0.26081 -3.86748 -3.47042 1.03153 1.77538 0.03107 -1.50318 -1.44997 -8.04541 -2.63811 2.16534 1.74588 2.11989 20.8579 0.27313 -1.90529 -3.24611 0.7498 1.28014 1.31883 -0.7942 1.9634 0.34785 -0.87882 1.76114 1.1633 0.9108 -1.99199 1.21583 0.97659 -3.4569 -1.28492 -1.49911
1.98023 2.14739 0.00251 -2.40386 1.80364 -1.87922 -0.02991 -0.96876 2.13559 -2.64833 1.04123 -1.72888 0.15833 1.80244 0.42072 2.93821 -0.86049 0.76144 -4.70012 -5.79283 1.50676 0.75123 0.74197 -2.37798 -1.37539 -10.43403 -1.65322 3.4498 2.51155 2.67876 24.7991 2.54968 -2.03281 -3.6202 0.75132 1.2037 1.57489 0.72337 2.94029 0.45153 -2.18237 2.01274 0.65016 1.84819 -1.47727 1.5842 0.20679 -3.7378 -0.73888 -1.1318
2.52179 2.07567 0.42412 -1.51835 1.19736 -0.80152 -0.37921 -1.6573 2.10418 -1.08241 1.50527 -2.94279 0.86916 -0.04448 0.06655 2.37796 -1.28605 0.07998 -4.49017 -3.50511 1.32718 0.24283 -0.49881 -2.50824 -1.7933 -8.32326 -2.47451 2.16301 2.23455 3.06188 22.0213 1.70393 -0.699 -2.44658 1.50472 0.29191 0.81062 0.13102 2.20434 0.43902 -1.94659 1.95466 0.73195 0.57264 -2.17448 0.57383 0.38323 -3.07692 -0.84875 -0.95215
3.62134 0.86111 1.1851 -2.43558 0.7204 -0.47158 -2.259 0.4865 0.67944 -1.19422 -0.54806 -1.08689 -0.69884 1.56252 -0.12632 1.8081 0.97493 1.25302 -5.82007 -4.93065 3.41088 -0.78548 0.38576 -1.63349 1.15201 -11.60409 -0.20361 4.6845 1.61448 -1.21005 25.41917 1.11413 -1.37931 0.5266 -0.13519 1.27942 0.89875 0.90319 3.71768 -0.69451 -1.39753 0.96868 -0.81853 0.6869 -1.92647 1.22742 0.33452 -5.07798 1.42442 -4.84125
3.46838 1.82161 0.75992 -2.22752 0.60083 -0.58249 -2.09163 -0.02976 0.57073 -1.47591 -0.35982 -1.39902 -0.37909 1.13389 0.10874 2.00454 0.45761 1.41543 -5.21677 -4.49679 4.02782 -0.9051 0.5465 -1.56685 0.64768 -11.41759 -0.9242 4.43575 0.76114 -0.59902 25.79247 0.65963 -1.98931 -0.59238 -0.17673 1.10298 1.62577 0.59323 3.17308 -0.62474 -1.15201 0.31551 -1.26245 0.21032 -1.99423 1.14883 0.09933 -4.30474 1.41225 -4.69617
3.71257 1.14276 -0.40453 -2.08325 2.73765 -0.11119 -2.56392 -0.65783 0.73401 -1.36866 1.05881 -0.06869 -1.94811 0.72795 -0.43082 1.93774 0.45268 1.10933 -3.02852 -1.97179 0.1072 1.60414 -0.93368 -0.96132 -0.95661 -11.75589 -2.52914 1.87067 2.45574 -1.87685 24.07682 1.0044 -3.28758 -1.75349 0.67259 1.91176 1.23838 -0.16657 2.21435 0.24374 -0.51696 0.17819 -0.37605 0.99558 -2.95304 2.16161 -0.92871 -3.70533 -1.86043 -2.59471
3.14526 1.01752 -0.45614 -0.90553 2.63608 0.06181 -3.04959 -0.39312 -0.63963 -1.53715 -0.83004 -1.57201 -2.25905 1.25737 0.53521 1.26178 -0.93119 -0.34695 -5.42992 -3.49263 1.9826 1.03195 -0.28439 -0.6066 -0.63815 -10.64408 -2.01737 3.21145 2.37011 -1.6911 23.2756 0.1257 -1.29858 -0.99324 1.40603 0.77597 0.25984 0.50999 1.32237 -1.35804 -1.20247 1.15384 -0.53248 0.20436 -1.79473 1.4007 0.88625 -5.41451 0.04791 -3.10403
3.38139 2.93882 0.55526 -3.02956 -0.42733 -0.14217 0.86527 -1.20781 2.49775 -1.0945 1.53442 -2.52515 1.39762 -0.43061 -0.16617 3.26862 0.87444 1.47576 -5.96065 -5.87127 3.19467 -2.37038 0.62259 -3.587 -0.23858 -12.30407 -1.77799 4.2333 1.60955 2.53822 31.51847 1.81129 -1.5971 -2.65352 0.14121 1.34641 1.3555 0.86633 5.28976 0.39977 -2.67558 1.03988 0.33487 1.14728 -2.4783 1.79506 0.45959 -4.5632 1.30279 -5.0083
2.78265 2.62619 -1.91002 0.76812 3.67799 0.22098 0.67863 -1.75847 -0.19847 -2.27718 2.87042 -0.84708 -0.33461 -0.39141 -0.17204 1.02696 -1.79537 -0.51666 -6.13468 -3.79585 0.26721 -2.37018 0.5563 -2.01764 -0.5837 -9.99055 -5.53117 1.23965 -0.08783 -0.06744 24.77733 0.52228 -1.92758 -4.966 1.96924 -0.03299 0.37074 -0.65351 -0.48526 0.47285 -1.49181 0.95339 -1.04507 0.23273 -4.32525 0.22132 2.2923 -1.09141 -0.00595 -3.20982
3.41564 1.82716 -0.85018 -1.41466 3.32636 -0.5128 -2.00086 -1.8632 2.01282 -4.31 0.50079 -1.76494 -2.05666 1.21213 1.91592 2.24304 -0.47234 -0.06495 -3.32811 -4.10378 2.82107 -0.08328 0.12325 -0.942 -1.73919 -13.5326 -2.64117 1.86475 -0.44967 0.21986 30.4471 0.81262 -3.35682 -4.5209 -0.08235 1.391 1.41483 -0.08858 2.32816 -0.63247 -2.70241 0.33041 -0.39435 1.17168 -1.93145 1.31932 0.31376 -2.81008 -0.39024 -3.36461
1.56177 3.28015 1.81384 -3.3625 3.42885 -0.80515 -1.89328 -1.98659 1.18076 -3.10297 1.74411 -3.02265 0.27835 1.78378 0.82386 2.81897 -3.55568 1.91658 -7.55949 -4.99948 4.44999 1.70418 2.80442 -3.32385 -2.40809 -14.30956 -1.46214 2.59285 1.8878 1.74031 33.54295 3.60332 -3.4601 -2.07834 2.19404 0.05202 2.13547 2.41299 4.86258 0.58753 -1.8442 1.98593 0.67822 0.95592 -4.16779 1.34115 0.61608 -3.23833 -1.75983 -1.06079
3.14526 1.01752 -0.45614 -0.90553 2.63608 0.06181 -3.04959 -0.39312 -0.63963 -1.53715 -0.83004 -1.57201 -2.25905 1.25737 0.53521 1.26178 -0.93119 -0.34695 -5.42992 -3.49263 1.9826 1.03195 -0.28439 -0.6066 -0.63815 -10.64408 -2.01737 3.21145 2.37011 -1.6911 23.2756 0.1257 -1.29858 -0.99324 1.40603 0.77597 0.25984 0.50999 1.32237 -1.35804 -1.20247 1.15384 -0.53248 0.20436 -1.79473 1.4007 0.88625 -5.41451 0.04791 -3.10403
4.35732 0.7354 -0.90178 -1.20905 1.05048 -1.62736 -2.69152 -0.65061 1.33629 -2.08479 0.4371 -0.96367 -0.89705 1.84503 -0.53815 1.66085 -1.52702 1.30842 -6.15049 -2.76002 2.83997 1.52734 -0.34046 -0.99204 -1.77064 -11.17702 -1.98974 3.62392 2.26031 0.32695 23.11959 0.53104 -2.6508 -0.9321 1.36231 1.25008 1.38715 -0.06189 1.15802 -0.52545 0.48901 1.49686 -0.5914 -0.17003 -2.25322 1.47365 0.06702 -4.2529 -0.56874 -1.96968
2.86769 2.43484 -1.37041 -0.72621 3.30634 -1.6046 -2.66715 -1.56874 1.16509 -2.78159 -0.55813 -1.3703 -1.07707 1.66457 0.79125 1.48345 -0.98025 -0.72027 -3.58741 -3.63138 2.82465 -0.31551 0.2906 -0.48512 -0.30574 -10.24854 -1.42537 3.28641 -0.72517 -1.48169 24.30747 0.17844 -2.00439 -1.99268 -0.31777 0.57703 1.65329 -0.44619 -0.08802 -1.14847 -1.90945 -0.01555 -1.61234 -0.61413 -0.54401 1.06377 0.51243 -4.77128 0.51371 -4.04453
4.24565 0.62132 1.40287 -2.64881 0.26735 -1.50148 -2.45755 0.61709 1.60568 -2.03393 0.33254 -1.02068 -0.53648 2.52318 -1.0643 2.12555 0.34448 1.94423 -7.72607 -5.80308 3.8811 -0.42231 0.54765 -2.26873 0.57019 -13.44259 -0.32743 5.51722 2.59497 -0.42195 28.46757 1.66282 -1.90288 0.20996 0.07585 1.31825 1.3059 0.63058 3.42951 0.06969 -0.97291 1.72291 -0.20599 -0.03066 -2.16031 1.59273 0.0939 -5.25918 0.52866 -4.06126
2.08462 2.93869 1.80747 -3.73721 1.08948 0.35666 0.38269 -2.12369 0.81929 -2.67385 2.04009 -2.57052 0.4886 1.17984 -0.58968 2.51721 -2.81779 1.79992 -6.95821 -4.1913 4.09921 1.10021 1.8299 -3.87787 -1.84109 -12.41316 -1.09263 2.40078 1.77327 1.17882 29.37082 4.05986 -3.15966 -1.61016 1.73632 -0.00551 1.9256 1.12431 4.37915 0.67947 -1.3951 1.55789 2.22115 -0.35754 -4.36279 1.07744 1.19854 -2.99797 -1.12316 -2.11638