1.55779 -0.5971 0.60553 -0.50501 -0.4975 -1.3966 -1.35936 -0.19761 1.18797 -1.26183 1.67304 -0.17614 -0.96708 2.27539 -0.94836 2.02483 -1.6699 1.53026 -3.65233 -3.01362 1.77496 0.51768 0.55958 -1.20881 -0.66301 -7.71199 -1.12368 2.87595 2.51252 0.51785 14.58355 1.6003 -2.15829 -0.05648 0.13911 0.48794 0.58238 0.36346 0.86953 0.13241 0.36134 1.40857 -0.56948 -0.76869 -0.61243 0.6784 0.62765 -1.38234 -0.93523 -0.23456
1.71075 -1.5576 1.03071 -0.71307 -0.37793 -1.2857 -1.52673 0.31865 1.29667 -0.98014 1.4848 0.13598 -1.28683 2.70402 -1.18342 1.82839 -1.15258 1.36785 -4.25563 -3.44748 1.15802 0.6373 0.39884 -1.27545 -0.15868 -7.89849 -0.40309 3.1247 3.36586 -0.09318 14.21025 2.0548 -1.54829 1.0625 0.18065 0.66437 -0.14464 0.67342 1.41413 0.06264 0.11581 2.06175 -0.12556 -0.2921 -0.54467 0.75699 0.86283 -2.15558 -0.92306 -0.37964
0.74115 0.19219 0.16764 0.86284 -1.35572 -1.89976 -0.60774 0.03695 1.14834 -1.69868 1.80999 -1.07902 -0.81183 2.45159 -0.80936 2.31274 -1.46991 1.57155 -2.68014 -2.38079 1.03772 0.42232 -0.33396 -0.71723 -1.12254 -5.32919 -0.79755 2.3356 1.75442 0.71561 11.03705 1.08187 -1.67982 0.65425 -0.23916 0.42758 0.8897 1.16228 0.95509 -0.06153 0.92862 0.42399 0.72079 -0.05108 0.12563 1.11387 0.61087 -1.67573 -1.24305 0.15594
0.87572 -2.38952 2.06227 -0.60482 -1.34538 -2.22171 -1.8299 0.19591 0.94062 -1.16403 1.90758 -0.72305 -1.51091 2.78163 -0.83194 2.82892 -2.08372 1.68953 -3.40781 -2.73914 2.31949 0.5184 -0.02412 -1.7257 -1.08131 -7.51299 0.36668 3.30035 3.38082 -0.33882 13.56425 1.52389 -1.26396 0.95081 -0.78497 0.54085 1.16212 -0.11659 2.00456 0.91682 -0.19969 1.04689 0.32067 -0.03838 -0.37753 0.94536 -0.10337 -1.99717 -1.38886 -0.85835
2.58854 2.92459 1.94752 0.65642 1.36879 -0.51914 0.89861 -2.81828 2.03121 -2.24385 3.26803 -1.11822 -0.89571 2.20976 0.35459 3.28978 -2.42405 0.47858 -6.9895 -4.47606 1.47505 -0.71477 2.15566 -2.36554 -1.47747 -10.94682 -3.50611 1.6959 3.02197 1.8728 28.00115 0.85595 -4.04747 -1.56902 1.41381 -0.11202 2.66091 1.15136 2.22657 1.19215 0.35897 1.43741 1.22095 0.08257 -2.94747 3.01205 2.55628 -2.63882 -1.55972 -1.05793
3.12963 2.59284 2.33026 -0.13603 1.30462 -0.45572 0.81779 -2.42268 2.0169 -1.99437 3.33121 -0.62167 -0.52005 1.93292 -0.26143 3.66236 -2.4714 1.04069 -6.80301 -4.73744 1.10662 -0.71084 2.8134 -1.91824 -1.05141 -11.55652 -3.92178 2.25385 3.69052 1.8699 27.57345 1.36998 -3.82376 -1.87441 1.35973 -0.43735 1.58391 0.85867 2.61568 0.99273 0.09907 1.65214 0.68411 0.38028 -2.85238 2.67198 2.30564 -2.77069 -1.44307 -0.63731
1.12683 0.46439 0.71195 -0.05216 1.55061 -0.29473 -1.5967 -1.58668 -0.40878 -0.17273 -0.16783 0.1324 -1.42983 1.2586 -0.65924 1.25023 -0.51856 0.7069 -3.25966 -3.67163 1.36133 0.50629 0.36424 -0.18338 0.6588 -7.7776 -1.84668 1.73156 2.13266 -1.09533 16.2224 0.61505 -1.82514 -1.62724 0.84165 -0.3413 0.30961 0.40615 -1.19737 -1.4501 0.4122 0.65154 -0.60021 -0.40358 0.02826 1.03756 0.85292 -1.76756 0.72545 0.13116
1.27979 -0.49611 1.13713 -0.26022 1.67018 -0.18383 -1.76407 -1.07042 -0.30007 0.10896 -0.35607 0.44453 -1.74958 1.68723 -0.8943 1.05379 -0.00124 0.54449 -3.86296 -4.10549 0.74439 0.62591 0.2035 -0.25002 1.16313 -7.9641 -1.12609 1.98031 2.986 -1.70636 15.8491 1.06955 -1.21514 -0.50826 0.88319 -0.16486 -0.41741 0.71611 -0.65277 -1.51987 0.16667 1.30472 -0.15629 0.07301 0.09602 1.11615 1.0881 -2.5408 0.73761 -0.01392
0.31019 1.25368 0.27406 1.31569 0.69239 -0.79789 -0.84508 -1.35212 -0.4484 -0.60958 -0.03088 -0.77048 -1.27458 1.4348 -0.52024 1.53814 -0.31857 0.74819 -2.28747 -3.0388 0.62409 0.41093 -0.5293 0.3082 0.19927 -5.3948 -1.52055 1.19121 1.37455 -0.89757 12.6759 0.09661 -1.34667 -0.91651 0.46338 -0.40166 0.61693 1.20497 -1.1118 -1.64404 0.97948 -0.33304 0.69006 0.31403 0.76632 1.47303 0.83614 -2.06095 0.41762 0.52166
0.44476 -1.32803 2.16869 -0.15197 0.70273 -1.11984 -2.06724 -1.19316 -0.65612 -0.07493 0.06671 -0.41451 -1.97366 1.76484 -0.54282 2.05432 -0.93238 0.86617 -3.01514 -3.39715 1.90586 0.50701 -0.21946 -0.70027 0.2405 -7.5786 -0.35632 2.15596 3.00096 -1.952 15.2031 0.53864 -0.93081 -0.61995 -0.08243 -0.28839 0.88935 -0.0739 -0.06233 -0.66569 -0.14883 0.28986 0.28994 0.32673 0.26316 1.30452 0.1219 -2.38239 0.27181 -0.49263
2.8873 3.81516 1.61664 2.07971 4.32531 0.61903 0.94297 -4.70284 -0.49503 -0.59949 1.85699 -0.21175 -1.59976 0.55605 0.65434 1.93207 -1.97578 -0.26804 -6.55443 -5.24967 -0.11662 -0.61682 0.65929 -2.10931 0.20317 -10.42368 -4.69256 0.44302 2.01627 -0.67794 27.7973 0.81444 -3.48457 -3.63325 2.04986 -0.61721 1.68489 0.13988 -1.58223 -1.11091 0.50562 1.23552 0.35395 0.08294 -2.92062 1.88683 3.16025 -2.98708 0.26874 -1.21131
3.42839 3.48341 1.99938 1.28726 4.26114 0.68245 0.86215 -4.30724 -0.50934 -0.35 1.92017 0.2848 -1.2241 0.27921 0.03831 2.30465 -2.02313 0.29407 -6.36794 -5.51105 -0.48505 -0.61289 1.31703 -1.66201 0.62923 -11.03338 -5.10823 1.00097 2.68482 -0.68084 27.3696 1.32847 -3.26086 -3.93864 1.99579 -0.94254 0.60789 -0.15281 -1.19312 -1.31033 0.24573 1.45025 -0.18289 0.38065 -2.82553 1.54676 2.90961 -3.11895 0.38539 -0.79069
1.5595 -0.36159 0.73502 -0.06305 0.54283 -1.04321 -1.55481 -0.6011 1.28033 -1.61936 0.43057 -0.18292 -1.2231 1.38378 0.39706 1.43381 -0.26522 -0.99229 -1.44147 -1.90933 1.31795 0.25589 1.01633 0.11511 0.08933 -6.25285 -0.67865 0.60891 0.21434 -0.54101 13.7109 0.25433 -2.40582 -1.81717 -0.66194 -0.11876 0.46338 -0.96703 -0.25357 -0.81121 -0.53633 0.05051 -0.22148 -0.28611 -0.71068 0.40363 0.83627 -0.28034 -0.11281 -1.31795
1.71246 -1.32209 1.1602 -0.27111 0.6624 -0.93231 -1.72218 -0.08484 1.38903 -1.33767 0.24233 0.12921 -1.54285 1.81241 0.162 1.23737 0.2521 -1.1547 -2.04477 -2.34319 0.70101 0.37551 0.85559 0.04847 0.59366 -6.43935 0.04194 0.85766 1.06768 -1.15204 13.3376 0.70883 -1.79582 -0.69819 -0.6204 0.05768 -0.26364 -0.65707 0.29104 -0.88098 -0.78186 0.70369 0.22244 0.19048 -0.64292 0.48222 1.07145 -1.05358 -0.10064 -1.46303
0.74286 0.4277 0.29713 1.3048 -0.31539 -1.54637 -0.80319 -0.36654 1.2407 -2.05621 0.56752 -1.0858 -1.06785 1.55998 0.53606 1.72172 -0.06523 -0.951 -0.46928 -1.2765 0.58071 0.16053 0.12279 0.60669 -0.3702 -3.87005 -0.35252 0.06856 -0.54377 -0.34325 10.1644 -0.26411 -1.92735 -1.10644 -1.04021 -0.17912 0.7707 -0.16821 -0.168 -1.00515 0.03095 -0.93407 1.06879 0.4315 0.02738 0.8391 0.81949 -0.57373 -0.42063 -0.92745
0.87743 -2.15401 2.19176 -0.16286 -0.30505 -1.86832 -2.02535 -0.20758 1.03298 -1.52156 0.66511 -0.72983 -1.76693 1.89002 0.51348 2.2379 -0.67904 -0.83302 -1.19695 -1.63485 1.86248 0.25661 0.43263 -0.40178 -0.32897 -6.05385 0.81171 1.03331 1.08264 -1.39768 12.6916 0.17792 -1.51149 -0.80988 -1.58602 -0.06585 1.04312 -1.44708 0.88147 -0.0268 -1.09736 -0.31117 0.66867 0.4442 -0.47578 0.6706 0.10525 -0.89517 -0.56644 -1.94174
3.05165 2.1023 1.75904 1.61472 2.47156 0.06967 -0.52194 -3.02347 1.39115 -2.69385 1.17689 -0.52689 -2.55293 0.59729 1.6132 1.25306 -0.49324 -1.67973 -3.53114 -2.18637 0.57719 -0.50798 1.08071 -0.89085 -0.98088 -9.52721 -2.77045 -1.56674 -0.64701 -0.87746 24.2558 -0.39232 -4.35802 -2.79888 0.16349 -0.28575 2.16386 -1.05312 -0.14392 -0.31286 -0.38974 -0.37111 1.18705 -0.10688 -2.26156 2.3042 1.2027 -1.39892 -0.69072 -2.45248
3.59274 1.77055 2.14178 0.82227 2.40739 0.13309 -0.60276 -2.62787 1.37684 -2.44436 1.24007 -0.03034 -2.17727 0.32045 0.99717 1.62564 -0.54059 -1.11762 -3.34465 -2.44775 0.20876 -0.50405 1.73845 -0.44355 -0.55482 -10.13691 -3.18612 -1.00879 0.02154 -0.88036 23.8281 0.12171 -4.13431 -3.10427 0.10942 -0.61108 1.08686 -1.34581 0.24519 -0.51228 -0.64964 -0.15637 0.65021 0.19083 -2.16647 1.96413 0.95206 -1.53079 -0.57407 -2.03186
1.17188 0.27943 -0.0423 -0.17335 0.71465 -0.07789 -1.64362 -0.11634 -0.21097 -0.86591 -0.24846 -0.26289 -1.45861 0.53418 0.47905 0.56678 0.03945 -0.71455 -1.98444 -1.18512 0.90858 -0.07206 0.57094 -0.12341 0.09868 -5.4027 -0.73103 0.83703 0.34693 -0.77682 11.1292 0.37803 -1.52191 -0.69807 0.00944 -0.30568 0.18802 -0.14647 -0.11821 -0.6582 -0.6365 0.08716 -0.73744 -0.29442 -0.72937 0.41678 0.26887 -0.77134 0.1501 -1.39458
1.32484 -0.68107 0.38288 -0.38141 0.83422 0.03301 -1.81099 0.39992 -0.10227 -0.58422 -0.4367 0.04924 -1.77836 0.96281 0.24399 0.37034 0.55677 -0.87696 -2.58774 -1.61898 0.29164 0.04756 0.4102 -0.19005 0.60301 -5.5892 -0.01044 1.08578 1.20027 -1.38785 10.7559 0.83253 -0.91191 0.42091 0.05098 -0.12924 -0.539 0.16349 0.4264 -0.72797 -0.88203 0.74034 -0.29352 0.18217 -0.66161 0.49537 0.50405 -1.54458 0.16227 -1.53966
0.35524 1.06872 -0.48019 1.1945 -0.14357 -0.58105 -0.892 0.11822 -0.2506 -1.30276 -0.11151 -1.16577 -1.30336 0.71038 0.61805 0.85469 0.23944 -0.67326 -1.01225 -0.55229 0.17134 -0.16742 -0.3226 0.36817 -0.36085 -3.0199 -0.4049 0.29668 -0.41118 -0.57906 7.5827 -0.14041 -1.04344 0.01266 -0.36883 -0.36604 0.49534 0.65235 -0.03264 -0.85214 -0.06922 -0.89742 0.55283 0.42319 0.00869 0.85225 0.25209 -1.06473 -0.15772 -1.00408
0.48981 -1.51299 1.41444 -0.27316 -0.13323 -0.903 -2.11416 0.27718 -0.45832 -0.76811 -0.01392 -0.8098 -2.00244 1.04042 0.59547 1.37087 -0.37437 -0.55528 -1.73992 -0.91064 1.45311 -0.07134 -0.01276 -0.6403 -0.31962 -5.2037 0.75933 1.26143 1.21523 -1.63349 10.1099 0.30162 -0.62758 0.30922 -0.91464 -0.25277 0.76776 -0.62652 1.01683 0.12621 -1.19753 -0.27452 0.15271 0.43589 -0.49447 0.68374 -0.46215 -1.38617 -0.30353 -2.01837
2.66403 2.74332 0.98172 1.50442 2.64338 1.03499 -0.61075 -2.53871 -0.10015 -1.9404 0.49786 -0.60686 -2.78844 -0.25231 1.69519 0.38603 -0.18857 -1.40199 -4.07411 -1.46216 0.16782 -0.83593 0.63532 -1.12937 -0.97153 -8.67706 -2.82283 -1.33862 -0.51442 -1.11327 21.6741 -0.26862 -3.47411 -1.67978 0.83487 -0.47267 1.8885 -0.23256 -0.00856 -0.15985 -0.48991 -0.33446 0.67109 -0.11518 -2.28025 2.31735 0.6353 -1.88992 -0.42781 -2.52911
3.20512 2.41157 1.36446 0.71197 2.57921 1.09841 -0.69157 -2.14311 -0.11446 -1.69091 0.56104 -0.11031 -2.41278 -0.52915 1.07916 0.75861 -0.23592 -0.83988 -3.88762 -1.72354 -0.20061 -0.832 1.29306 -0.68207 -0.54547 -9.28676 -3.2385 -0.78067 0.15413 -1.11617 21.2464 0.24541 -3.2504 -1.98517 0.7808 -0.798 0.8115 -0.52525 0.38055 -0.35927 -0.74981 -0.11973 0.13425 0.18253 -2.18516 1.97728 0.38466 -2.02179 -0.31116 -2.10849
2.53081 1.88639 -1.75228 0.29952 2.19997 -0.23476 -1.27722 -1.14551 1.99419 -1.83794 3.54311 0.36573 -1.12107 0.71547 0.20717 2.96555 -0.55153 2.10405 -3.32016 -2.04358 -0.5397 -0.24631 -0.60071 -1.10244 -0.71979 -13.69259 -5.12046 2.40719 1.91959 0.97614 25.37355 0.02355 -2.90989 -3.0002 0.37956 -0.1452 0.46923 0.04041 0.608 -0.41151 -0.94719 1.09263 -0.50106 0.21994 -2.75689 0.90597 -0.31973 -0.65494 -1.36264 -0.1311
1.72286 0.26575 -0.39703 0.35804 -0.09158 -0.90526 -1.12423 -1.06306 1.60895 -1.34395 2.36871 -0.14212 -0.6231 1.664 -0.82998 2.23341 -1.51102 2.40701 -3.61887 -2.06345 1.02236 0.30223 0.14245 -0.93618 -0.82011 -7.93889 -1.38151 3.38826 1.84057 0.72102 15.17825 0.3711 -1.85949 -0.36829 0.20114 0.30864 1.15774 0.38022 0.96478 0.43347 0.59352 1.53792 -0.71097 -0.93454 -0.88992 0.70425 0.33551 -1.14199 -0.66096 0.33979
1.87582 -0.69475 0.02815 0.14998 0.02799 -0.79436 -1.2916 -0.5468 1.71765 -1.06226 2.18047 0.17 -0.94285 2.09263 -1.06504 2.03697 -0.9937 2.2446 -4.22217 -2.49731 0.40542 0.42185 -0.01829 -1.00282 -0.31578 -8.12539 -0.66092 3.63701 2.69391 0.10999 14.80495 0.8256 -1.24949 0.75069 0.24269 0.48507 0.43072 0.69018 1.50938 0.3637 0.348 2.1911 -0.26705 -0.45795 -0.82216 0.78284 0.57069 -1.91523 -0.64879 0.19471
2.09985 2.94788 -1.64586 0.75237 4.24808 0.86711 -1.51456 -2.53458 0.39745 -0.74884 1.70224 0.67427 -1.58382 -0.30132 0.49629 2.19095 0.5998 1.28069 -2.92749 -2.70159 -0.95333 -0.2577 -0.79605 -0.07701 0.60202 -13.7582 -5.84346 1.2628 1.53973 -0.63704 27.0124 -0.96171 -2.57674 -4.57096 1.0821 -0.97443 0.19646 0.0831 -1.45889 -1.99401 -0.89633 0.3356 -0.53179 0.58505 -2.1162 1.26513 -0.09446 -1.04016 0.29803 0.23462
1.2919 1.32724 -0.29061 0.81089 1.95653 0.19661 -1.36157 -2.45213 0.0122 -0.25485 0.52784 0.16642 -1.08585 0.64721 -0.54086 1.45881 -0.35968 1.58365 -3.2262 -2.72146 0.60873 0.29084 -0.05289 0.08925 0.5017 -8.0045 -2.10451 2.24387 1.46071 -0.89216 16.8171 -0.61415 -1.52634 -1.93905 0.90368 -0.5206 0.88497 0.42291 -1.10211 -1.14904 0.64438 0.78089 -0.7417 -0.56943 -0.24923 1.06341 0.56078 -1.52721 0.99971 0.70551
1.44486 0.36674 0.13457 0.60283 2.0761 0.30751 -1.52894 -1.93587 0.12091 0.02684 0.3396 0.47855 -1.4056 1.07584 -0.77592 1.26237 0.15764 1.42124 -3.8295 -3.15532 -0.00821 0.41046 -0.21363 0.02261 1.00603 -8.191 -1.38392 2.49262 2.31405 -1.50319 16.4438 -0.15965 -0.91634 -0.82007 0.94523 -0.34416 0.15795 0.73287 -0.55751 -1.21881 0.39886 1.43407 -0.29778 -0.09284 -0.18147 1.142 0.79596 -2.30045 1.01188 0.56043
2.53252 2.1219 -1.62279 0.74148 3.2403 0.11863 -1.47267 -1.549 2.08655 -2.19547 2.30064 0.35895 -1.37709 -0.17614 1.55259 2.37453 0.85314 -0.4185 -1.1093 -0.93929 -0.99671 -0.5081 -0.14396 0.22148 0.03255 -12.23345 -4.67543 0.14015 -0.37859 -0.08272 24.5009 -1.32242 -3.15742 -4.76089 -0.42149 -0.75189 0.35023 -1.29008 -0.51509 -1.35513 -1.84486 -0.26543 -0.15306 0.70251 -2.85514 0.6312 -0.11111 0.44706 -0.54022 -1.21449
1.72457 0.50126 -0.26754 0.8 0.94875 -0.55187 -1.31968 -1.46655 1.70131 -1.70148 1.12624 -0.1489 -0.87912 0.77239 0.51544 1.64239 -0.10634 -0.11554 -1.40801 -0.95916 0.56535 0.04044 0.5992 0.38774 -0.06777 -6.47975 -0.93648 1.12122 -0.45761 -0.33784 14.3056 -0.97487 -2.10702 -2.12898 -0.59991 -0.29806 1.03874 -0.95027 -0.15831 -0.51015 -0.30414 0.17986 -0.36297 -0.45196 -0.98817 0.42948 0.54413 -0.03999 0.16146 -0.7436
1.87753 -0.45924 0.15764 0.59194 1.06832 -0.44097 -1.48705 -0.95029 1.81001 -1.41979 0.938 0.16323 -1.19887 1.20102 0.28038 1.44595 0.41098 -0.27795 -2.01131 -1.39302 -0.05159 0.16006 0.43846 0.3211 0.43656 -6.66625 -0.21589 1.36997 0.39573 -0.94887 13.9323 -0.52037 -1.49702 -1.01 -0.55836 -0.12162 0.31172 -0.64031 0.38629 -0.57992 -0.54967 0.83304 0.08095 0.02463 -0.92041 0.50807 0.77931 -0.81323 0.17363 -0.88868
2.1449 2.76292 -2.40011 0.63118 3.41212 1.08395 -1.56148 -1.06424 0.59525 -1.44202 1.62161 0.27898 -1.6126 -1.02574 1.63458 1.5075 1.15781 -0.14076 -1.65227 -0.21508 -1.40608 -0.83605 -0.58935 -0.01704 0.0419 -11.3833 -4.72781 0.36827 -0.246 -0.31853 21.9192 -1.19872 -2.27351 -3.64179 0.24989 -0.93881 0.07487 -0.46952 -0.37973 -1.20212 -1.94503 -0.22878 -0.66902 0.69421 -2.87383 0.64435 -0.67851 -0.04394 -0.27731 -1.29112
1.33695 1.14228 -1.04486 0.6897 1.12057 0.41345 -1.40849 -0.98179 0.21001 -0.94803 0.44721 -0.22887 -1.11463 -0.07721 0.59743 0.77536 0.19833 0.1622 -1.95098 -0.23495 0.15598 -0.28751 0.15381 0.14922 -0.05842 -5.6296 -0.98886 1.34934 -0.32502 -0.57365 11.7239 -0.85117 -1.22311 -1.00988 0.07147 -0.48498 0.76338 -0.12971 -0.02295 -0.35714 -0.40431 0.21651 -0.87893 -0.46027 -1.00686 0.44263 -0.02327 -0.53099 0.42437 -0.82023
1.48991 0.18178 -0.61968 0.48164 1.24014 0.52435 -1.57586 -0.46553 0.31871 -0.66634 0.25897 0.08326 -1.43438 0.35142 0.36237 0.57892 0.71565 -0.00021 -2.55428 -0.66881 -0.46096 -0.16789 -0.00693 0.08258 0.44591 -5.8161 -0.26827 1.59809 0.52832 -1.18468 11.3506 -0.39667 -0.61311 0.1091 0.11302 -0.30854 0.03636 0.18025 0.52165 -0.42691 -0.64984 0.86969 -0.43501 0.01632 -0.9391 0.52122 0.21191 -1.30423 0.43654 -0.96531
2.54077 1.95386 -0.90193 -0.38142 1.43241 -0.46679 0.08886 -1.80421 2.18848 -1.45724 3.40705 -0.49476 -0.16562 1.30468 0.08039 3.93816 -0.86103 2.12013 -5.17773 -3.86099 0.55027 -0.45551 1.34639 -1.59644 0.06669 -12.09776 -4.92273 3.94352 3.25633 1.95281 25.33845 -0.01031 -2.39675 -2.55602 0.53794 -0.4493 0.77178 1.27649 2.82064 1.22008 -0.51904 2.2572 -0.41329 0.50082 -2.29955 1.83409 1.501 -1.08591 -1.39815 0.20624
2.83953 2.84443 -1.23281 1.04187 4.38893 0.67138 0.13322 -3.68877 -0.33776 0.18713 1.99601 0.41171 -0.86967 -0.34903 0.38014 2.58045 -0.41277 1.37351 -4.74266 -4.6346 -1.0414 -0.35756 -0.14998 -1.34021 1.74733 -11.57462 -6.10918 2.69064 2.25063 -0.59793 25.1346 -0.05182 -1.83385 -4.62025 1.17399 -0.95449 -0.20424 0.26501 -0.98816 -1.08298 -0.37239 2.05531 -1.28029 0.50119 -2.2727 0.70887 2.10497 -1.43417 0.43031 0.05286
3.00388 1.13157 -1.09041 0.57688 2.53518 0.12202 -1.33169 -2.0094 1.54842 -1.90723 1.31591 0.09657 -1.82284 -0.30779 1.339 1.90144 1.06977 -0.03818 -1.71937 -1.5713 -0.34759 -0.24872 0.27144 -0.12175 0.56328 -10.67815 -4.18707 0.68088 -0.41265 -0.79745 21.5931 -1.25858 -2.7073 -3.78588 -0.71238 -0.62303 0.27473 -0.92799 0.45015 -0.28493 -1.26775 0.44868 -0.44719 0.31137 -1.61364 1.12624 0.14742 0.15399 -0.52915 -1.18831
2.61626 1.77259 -1.86773 0.46658 2.707 1.08734 -1.4205 -1.52464 0.05712 -1.15378 0.63688 0.0166 -2.05835 -1.15739 1.42099 1.03441 1.37444 0.23956 -2.26234 -0.84709 -0.75696 -0.57667 -0.17395 -0.36027 0.57263 -9.828 -4.23945 0.909 -0.28006 -1.03326 19.0114 -1.13488 -1.82339 -2.66678 -0.041 -0.80995 -0.00063 -0.10743 0.58551 -0.13192 -1.36792 0.48533 -0.96315 0.30307 -1.63233 1.13939 -0.41998 -0.33701 -0.26624 -1.26494
1.32378 2.22788 0.24297 -1.3191 3.2257 -1.73092 -0.14604 -1.19057 1.82017 -2.81737 0.39983 -1.43404 0.63952 2.75578 1.26905 2.94824 -1.35352 -0.05817 -2.18086 -4.3786 2.02304 1.30802 1.68739 -0.12431 -0.18838 -6.70297 -1.81721 2.58199 0.89378 1.43889 18.2246 -0.09734 -1.85603 -3.1999 0.17582 0.99377 1.74244 0.68485 2.59591 0.04094 -1.14168 0.98812 -0.19628 2.49571 -1.62784 0.99269 1.73449 -2.58343 -0.40231 -1.40685
1.14709 2.96902 0.32192 -1.97464 3.62005 -0.12196 -0.14431 -1.43732 1.34557 -1.51983 0.16788 -2.26349 0.8277 0.9756 1.82274 2.46962 -1.11504 -0.239 -2.80355 -4.41329 2.31869 -0.22453 1.15751 -1.12937 -0.53171 -6.98082 -1.65361 2.57966 1.38245 2.38088 19.388 1.33346 -0.64974 -2.40037 0.93074 0.00554 1.23423 1.61007 2.83685 0.13211 -2.20945 1.18164 -0.62763 2.15754 -1.81034 0.35069 1.14114 -2.20345 0.03386 -0.85989
1.4002 2.77667 0.12405 -2.39393 2.70883 0.15501 0.68002 -1.14526 1.34757 -1.82268 0.01759 -1.32499 0.58974 1.46032 1.67465 2.7819 -0.66214 -0.02425 -2.33468 -4.75469 2.31548 -0.11063 1.31574 -0.94698 -0.66252 -7.07992 -1.17061 2.77083 2.02311 2.03422 18.8608 1.38836 -1.28172 -2.67203 0.77215 0.81341 1.23548 1.46288 3.37822 0.0654 -1.86803 1.14053 0.13556 2.29243 -1.42229 0.9682 1.41965 -2.56373 0.08364 -1.02561
1.15124 2.56585 0.06586 -1.76416 4.24535 -0.86849 0.31816 -0.29772 0.22624 -2.60809 -0.10105 -0.76364 0.77276 2.18637 1.34248 2.03879 -1.05168 -0.0133 -1.94338 -4.46007 1.51052 0.32518 1.49067 0.25319 -0.07026 -6.24315 -2.52078 1.9928 0.82452 0.46557 16.57923 0.62306 -1.30505 -2.92831 1.7007 1.08063 1.83433 1.21228 2.61402 0.44052 -1.28508 0.93699 -0.42178 3.32665 -2.50492 0.53144 1.62014 -1.82733 0.22815 -0.73677
2.0535 2.05696 -0.19433 -0.34866 4.13411 -1.69462 0.13566 -1.68606 0.89067 -2.2621 0.82966 -0.83611 0.39822 2.11886 1.27968 2.36513 -2.0566 0.01857 -2.13846 -4.4942 0.845 1.41736 0.38636 -0.89351 0.17045 -6.11422 -2.28066 2.4735 0.26794 0.50133 16.3819 0.8464 -1.62628 -3.69337 0.10933 1.31781 1.03919 -0.36932 0.854 -0.67962 -1.04589 1.54326 -1.03255 2.13097 -2.24168 -0.49169 2.11319 -2.54647 -0.23452 -1.92595
1.87681 2.7981 -0.11538 -1.0042 4.52846 -0.08566 0.13739 -1.93281 0.41607 -0.96456 0.59771 -1.66556 0.5864 0.33868 1.83337 1.88651 -1.81811 -0.16226 -2.76115 -4.52889 1.14065 -0.11519 -0.14352 -1.89857 -0.17288 -6.39207 -2.11706 2.47117 0.75661 1.44332 17.5453 2.2772 -0.41999 -2.89384 0.86425 0.32958 0.53098 0.5559 1.09494 -0.58845 -2.11366 1.73678 -1.4639 1.7928 -2.42418 -1.13369 1.51984 -2.16649 0.20165 -1.37899
1.88096 2.39493 -0.37144 -0.79372 5.15376 -0.83219 0.59986 -0.79321 -0.70326 -2.05282 0.32878 -0.16571 0.53146 1.54945 1.35311 1.45568 -1.75475 0.06344 -1.90098 -4.57567 0.33248 0.43452 0.18964 -0.51601 0.28857 -5.6544 -2.98423 1.88431 0.19868 -0.47199 14.73653 1.5668 -1.0753 -3.42178 1.63421 1.40467 1.13108 0.15811 0.87211 -0.28004 -1.18929 1.49213 -1.25805 2.96191 -3.11876 -0.95294 1.99884 -1.79037 0.39594 -1.25587
1.78518 1.17008 -0.075 -0.80276 3.28814 -1.4955 -1.37114 -0.99227 1.08775 -2.90983 -0.44884 -0.83593 -0.76168 2.03492 1.18223 1.50254 -0.82739 0.30607 -0.93336 -3.1932 1.58219 1.7766 0.15569 0.02646 -0.44413 -6.7425 -1.52658 1.58639 -0.47702 -0.25251 15.3519 0.00036 -1.91905 -2.66907 -0.27345 1.42673 1.36439 -0.18914 1.34851 -0.52045 -0.99272 0.53766 -0.57818 1.82369 -0.84369 0.55961 0.17229 -2.44553 -0.35573 -1.71801
1.8616 1.71887 -0.19392 -1.87759 2.77127 0.39043 -0.54508 -0.94696 0.61515 -1.91514 -0.83108 -0.72688 -0.81146 0.73946 1.58784 1.3362 -0.13602 0.33999 -1.08718 -3.56929 1.87463 0.35795 -0.21596 -0.79621 -0.91827 -7.11945 -0.87998 1.77523 0.65231 0.34282 15.9881 1.48606 -1.34474 -2.1412 0.32288 1.24637 0.85743 0.58889 2.13082 -0.49599 -1.71907 0.69007 -0.24634 1.62041 -0.63813 0.53512 -0.14255 -2.42583 0.13022 -1.33677
1.32378 2.22788 0.24297 -1.3191 3.2257 -1.73092 -0.14604 -1.19057 1.82017 -2.81737 0.39983 -1.43404 0.63952 2.75578 1.26905 2.94824 -1.35352 -0.05817 -2.18086 -4.3786 2.02304 1.30802 1.68739 -0.12431 -0.18838 -6.70297 -1.81721 2.58199 0.89378 1.43889 18.2246 -0.09734 -1.85603 -3.1999 0.17582 0.99377 1.74244 0.68485 2.59591 0.04094 -1.14168 0.98812 -0.19628 2.49571 -1.62784 0.99269 1.73449 -2.58343 -0.40231 -1.40685
1.14709 2.96902 0.32192 -1.97464 3.62005 -0.12196 -0.14431 -1.43732 1.34557 -1.51983 0.16788 -2.26349 0.8277 0.9756 1.82274 2.46962 -1.11504 -0.239 -2.80355 -4.41329 2.31869 -0.22453 1.15751 -1.12937 -0.53171 -6.98082 -1.65361 2.57966 1.38245 2.38088 19.388 1.33346 -0.64974 -2.40037 0.93074 0.00554 1.23423 1.61007 2.83685 0.13211 -2.20945 1.18164 -0.62763 2.15754 -1.81034 0.35069 1.14114 -2.20345 0.03386 -0.85989
1.4002 2.77667 0.12405 -2.39393 2.70883 0.15501 0.68002 -1.14526 1.34757 -1.82268 0.01759 -1.32499 0.58974 1.46032 1.67465 2.7819 -0.66214 -0.02425 -2.33468 -4.75469 2.31548 -0.11063 1.31574 -0.94698 -0.66252 -7.07992 -1.17061 2.77083 2.02311 2.03422 18.8608 1.38836 -1.28172 -2.67203 0.77215 0.81341 1.23548 1.46288 3.37822 0.0654 -1.86803 1.14053 0.13556 2.29243 -1.42229 0.9682 1.41965 -2.56373 0.08364 -1.02561
1.15124 2.56585 0.06586 -1.76416 4.24535 -0.86849 0.31816 -0.29772 0.22624 -2.60809 -0.10105 -0.76364 0.77276 2.18637 1.34248 2.03879 -1.05168 -0.0133 -1.94338 -4.46007 1.51052 0.32518 1.49067 0.25319 -0.07026 -6.24315 -2.52078 1.9928 0.82452 0.46557 16.57923 0.62306 -1.30505 -2.92831 1.7007 1.08063 1.83433 1.21228 2.61402 0.44052 -1.28508 0.93699 -0.42178 3.32665 -2.50492 0.53144 1.62014 -1.82733 0.22815 -0.73677
2.0535 2.05696 -0.19433 -0.34866 4.13411 -1.69462 0.13566 -1.68606 0.89067 -2.2621 0.82966 -0.83611 0.39822 2.11886 1.27968 2.36513 -2.0566 0.01857 -2.13846 -4.4942 0.845 1.41736 0.38636 -0.89351 0.17045 -6.11422 -2.28066 2.4735 0.26794 0.50133 16.3819 0.8464 -1.62628 -3.69337 0.10933 1.31781 1.03919 -0.36932 0.854 -0.67962 -1.04589 1.54326 -1.03255 2.13097 -2.24168 -0.49169 2.11319 -2.54647 -0.23452 -1.92595
1.87681 2.7981 -0.11538 -1.0042 4.52846 -0.08566 0.13739 -1.93281 0.41607 -0.96456 0.59771 -1.66556 0.5864 0.33868 1.83337 1.88651 -1.81811 -0.16226 -2.76115 -4.52889 1.14065 -0.11519 -0.14352 -1.89857 -0.17288 -6.39207 -2.11706 2.47117 0.75661 1.44332 17.5453 2.2772 -0.41999 -2.89384 0.86425 0.32958 0.53098 0.5559 1.09494 -0.58845 -2.11366 1.73678 -1.4639 1.7928 -2.42418 -1.13369 1.51984 -2.16649 0.20165 -1.37899
1.88096 2.39493 -0.37144 -0.79372 5.15376 -0.83219 0.59986 -0.79321 -0.70326 -2.05282 0.32878 -0.16571 0.53146 1.54945 1.35311 1.45568 -1.75475 0.06344 -1.90098 -4.57567 0.33248 0.43452 0.18964 -0.51601 0.28857 -5.6544 -2.98423 1.88431 0.19868 -0.47199 14.73653 1.5668 -1.0753 -3.42178 1.63421 1.40467 1.13108 0.15811 0.87211 -0.28004 -1.18929 1.49213 -1.25805 2.96191 -3.11876 -0.95294 1.99884 -1.79037 0.39594 -1.25587
2.04778 3.5 -1.6552 -1.33625 4.70664 -0.93486 -2.07244 -1.0782 0.08672 -2.53799 0.01753 -1.44811 -1.22816 1.59884 2.97228 3.45255 -0.13529 0.74113 -4.10471 -3.97357 0.98716 0.92051 1.56257 0.34966 0.63142 -12.18952 -3.88639 4.27368 1.55847 0.04342 26.7751 -0.77784 -2.08961 -3.68013 0.7017 -0.07823 1.89263 2.17589 3.12966 -0.49029 -2.10262 1.0899 -1.448 2.5947 -2.48359 1.92098 1.06001 -3.28312 -0.12993 -0.88796
2.7775 3.32908 -2.0925 -0.36581 5.61505 -0.89856 -1.79074 -1.57369 -0.84278 -1.98272 0.44736 -0.85018 -1.46946 0.96192 2.98291 2.86944 -0.83836 0.81787 -4.06231 -4.08917 -0.19088 1.02985 0.26154 -0.41954 0.99025 -11.60077 -4.34984 4.16519 0.93263 -0.89414 24.9324 0.1659 -1.85986 -4.1736 0.63521 0.24581 1.18938 1.12172 1.38775 -1.21085 -2.00682 1.64504 -2.28427 2.22996 -3.09743 0.4366 1.43871 -3.24616 0.03786 -1.40706
2.50918 2.4422 -1.97317 -0.81991 4.76908 -0.69944 -3.29754 -0.8799 -0.6457 -2.63045 -0.83114 -0.85 -2.62936 0.87798 2.88547 2.00685 0.39084 1.10537 -2.85721 -2.78817 0.54631 1.38909 0.03087 0.50043 0.37567 -12.22905 -3.59576 3.27808 0.18767 -1.64798 23.9024 -0.68014 -2.15263 -3.1493 0.25243 0.35473 1.51458 1.3019 1.88226 -1.05168 -1.95365 0.63944 -1.8299 1.92268 -1.69943 1.4879 -0.50219 -3.14522 -0.08335 -1.19912
2.04778 3.5 -1.6552 -1.33625 4.70664 -0.93486 -2.07244 -1.0782 0.08672 -2.53799 0.01753 -1.44811 -1.22816 1.59884 2.97228 3.45255 -0.13529 0.74113 -4.10471 -3.97357 0.98716 0.92051 1.56257 0.34966 0.63142 -12.18952 -3.88639 4.27368 1.55847 0.04342 26.7751 -0.77784 -2.08961 -3.68013 0.7017 -0.07823 1.89263 2.17589 3.12966 -0.49029 -2.10262 1.0899 -1.448 2.5947 -2.48359 1.92098 1.06001 -3.28312 -0.12993 -0.88796
2.7775 3.32908 -2.0925 -0.36581 5.61505 -0.89856 -1.79074 -1.57369 -0.84278 -1.98272 0.44736 -0.85018 -1.46946 0.96192 2.98291 2.86944 -0.83836 0.81787 -4.06231 -4.08917 -0.19088 1.02985 0.26154 -0.41954 0.99025 -11.60077 -4.34984 4.16519 0.93263 -0.89414 24.9324 0.1659 -1.85986 -4.1736 0.63521 0.24581 1.18938 1.12172 1.38775 -1.21085 -2.00682 1.64504 -2.28427 2.22996 -3.09743 0.4366 1.43871 -3.24616 0.03786 -1.40706