0.9793745478973968 0.9803763423746568 0.9814380968743281
0.9774226957508427 0.9787711295854029 0.9802125160852001
0.9767711192472222 0.9768032492811585 0.9785985840473282
0.975655818813877 0.9791070088924674 0.9816513262258113
0.9787781017809003 0.9808082230304453 0.9824708351388916
0.9802607639751526 0.981167424831944 0.9871999734476532
0.9671513438583981 0.977791558480029 0.9800272546405628
0.9671513438583981 0.977791558480029 0.9800272546405628
0.974141999911569 0.9768067594584433 0.9869262905021231
0.9784138000726755 0.9790535719426692 0.9810614402315918
0.978682597729559 0.9787251457956234 0.986005069805483
0.9733460449160416 0.9787215813017833 0.9804431233309552
0.9851389676216549 0.9875478048882042 0.98822837129751
0.979397399975171 0.9797573408380023 0.9812798584814835
0.9780364132261881 0.9785448389846283 0.979550365291525
0.984172826966665 0.984681202410985 0.9853691275976018
0.9797499560796235 0.9801490558691524 0.9841986888436826
0.9827960774447038 0.9842195352587217 0.9873261984686283
0.9841277093860714 0.985176904547586 0.9870048177927551
0.9745758731360552 0.9806032293501334 0.9819451828320696
0.9780232154576906 0.9781831079776724 0.9845069274964643
0.9843495712656649 0.9874773318831119 0.9900612556888457
0.9851389676216549 0.9875478048882042 0.98822837129751
0.9694139295029156 0.9788759799414368 0.9797755388959681
0.972641846271654 0.9801337856772395 0.9809619253586619
0.9839887973679042 0.9871973809717771 0.9872720637570462
0.9797499560796235 0.9801490558691524 0.9841986888436826
0.9591176433659478 0.9639768316219197 0.9656263768481301
0.9793216619018092 0.9798279021973324 0.9814130431645367
0.9854680873133046 0.9865946292131208 0.987819789186905
0.9863440533332721 0.9884218031678531 0.9890717957179295
0.9878485756023221 0.9893164706611318 0.9955519772234698
0.9787475754531041 0.9825220975326188 0.982620289498324
0.9742718770365257 0.9745946004135018 0.9851906123903444
0.9782381805790566 0.9797973630482799 0.9812384035113222
0.9718525394411439 0.9734895862263182 0.9775806302799078
0.9813084251027517 0.9825164721994768 0.9845966700429976
0.9760078232616725 0.9770737555447531 0.9786409130999937
0.9738175417122583 0.976315904377879 0.976714803513104
0.974934974510096 0.9766355472585353 0.976879297648687
0.9702774985064835 0.9727750728583794 0.9756519187155013
0.9797035914724765 0.9797088838683183 0.9858598982312947
0.9905684094033795 0.9928627826447491 0.996191756254168
0.9227972142106259 0.9297894842146058 0.9323555625372033
0.9462768714248815 0.9469213124110885 0.9567774946520557
0.961436637530576 0.963883457005023 0.9669594476125497
0.9864477762107552 0.9875175682802093 0.9999999999998208
0.9798213768919435 0.9799706548549787 0.9854524274764788
0.9722879927430956 0.977904357784263 0.9806169060488314
0.9742621955616393 0.979377782670654 0.982403677359178
0.9813084251027517 0.9825164721994768 0.9845966700429976
0.9801581075516753 0.9809078311601176 0.9832016877831602
0.9724907319829361 0.9754782200407401 0.9772848147056497
0.9726771006295583 0.9731507685177048 0.9788678550137804
0.9821385472601871 0.9822503784071686 0.9826806711510538
0.9851017057111442 0.9870641003996675 0.9901009807219785
0.9807465830937885 0.9818852911578062 0.9835496101698966
0.9718525394411439 0.9734895862263182 0.9775806302799078
0.972684425525666 0.976860036443506 0.9783276055488945
0.9770174207860965 0.9793913414550405 0.979895789073798
0.9817093616822272 0.9828136448627042 0.9850628464615602
0.9745077904634944 0.9775982376720322 0.9802897716047512
0.9814174825119795 0.9815853190923338 0.9819685939276289
0.9841743267592673 0.9874572681782326 0.9894949704892937
0.9833357279299473 0.9835180630184005 0.983879410111729
0.9817093616822272 0.9828136448627042 0.9850628464615602
0.9787475754531041 0.9825220975326188 0.982620289498324
0.9798706655703802 0.9815413308893643 0.9849550009168349
0.9773324869084576 0.9784601988969369 0.9796924687222968
0.9754982257293592 0.983085089035546 0.9835907469407605
