0.9921613644495182 0.9923831169576018 0.9951088713004721 0.9976414101255333 0.999999999999916
0.9923831134287839 0.9926626464624244 0.9953062633464755 0.9960835805537004 0.999999999999944
0.9952758533315468 0.9958925466489541 0.9971483161887236 0.9979566467381353 0.9999999999999494
0.9904619965672979 0.9905426100599606 0.9919475243133817 0.9947113510569392 0.9980841529713054
0.99406419957234 0.9962784442141128 0.9965177856085432 0.9991601564260677 0.9999999999999587
0.994440273822757 0.9949170780136279 0.9952802257046433 0.999173443306483 0.9999999999999658
0.9938444642760862 0.9945690566800938 0.9952964167374267 0.9991734419266703 0.9999999999999631
0.9881309374299646 0.9883826467463854 0.9890988029287093 0.9936041719827453 0.9949189766460556
0.9895269825171595 0.9900463429356416 0.9901743284152772 0.9940395077330275 0.9950456339664351
0.991689767598865 0.9923702006436348 0.9941780548879544 0.9961752249504547 0.9975885249668568
0.9901617613758165 0.9907286730285543 0.9925678514522354 0.9945500221032453 0.9999999999999203
0.9912975417660244 0.9922860707220273 0.9937873065932925 0.9938350734920456 0.9955586087530262
0.9885869884984702 0.9890480282073766 0.9925678567928427 0.9930275274970424 0.9999999999999126
0.9909569682438804 0.9925079671738978 0.9925133929774526 0.9938505431801812 0.996006901246937
0.9844192516717932 0.9859175708609137 0.9859487892362435 0.994095866809827 0.9999999999998581
0.9971161276503775 0.9979098878461123 0.9982220250907909 0.9987917259841186 0.9999999999999498
0.985696180332728 0.9860376068580834 0.986447097058931 0.9894401976214082 0.9903149588089852
0.9898723920754208 0.9900949866669999 0.9963701136374561 0.9972106808264348 0.9999999999999434
0.9804108125176849 0.9810421730571708 0.9828538653904035 0.9849813206018438 0.9861424661281744
0.9883148652763007 0.9888876846285761 0.9891163233345786 0.9897094079397377 0.9901480845400362
