0.9924317746672047 0.9924691387058883 0.993858308136907 0.9943437476664216 0.9968838520934236
0.9919136310986701 0.992243257084076 0.9947394099175395 0.9956733219900393 0.9974368532034545
0.9893072151723233 0.9896100591409511 0.9897916897678994 0.9912778787134461 0.9919425793132342
0.98743403949583 0.9882523518599581 0.9888174396840423 0.9897719415239998 0.9911569592347673
0.9921341135981165 0.9944791371822517 0.9949312888763078 0.9955130673288972 0.9970062265809293
0.9874773318831119 0.9885584777239473 0.9900612556888457 0.9905677518131557 0.9909258080157816
0.9893072151723233 0.9896100591409511 0.9897916897678994 0.9912778787134461 0.9919425793132342
0.993039436767482 0.9938754864112486 0.9943354143294891 0.9949131133281786 0.9969664746937505
0.9878485756023221 0.988278544962469 0.9893164706611318 0.9910083715983096 0.9955519772234698
0.9949136958352236 0.9957947065401552 0.997170616603525 0.9979566453780809 0.9999999999999384
0.9838504196692661 0.9840283755901666 0.984673543808491 0.9871867914933037 0.9872836348410161
0.9857815508432096 0.987934732990518 0.9905684094033795 0.9928627826447491 0.996191756254168
0.919212036905191 0.9197599879406877 0.9227972142106259 0.9297894842146058 0.9323555625372033
0.980695870451773 0.98422166204024 0.984894231329512 0.9916112582650468 0.9916934065198696
0.9717979434293837 0.9746807068831658 0.9747718119203153 0.9758865255869384 0.9763601714590171
0.9707124358080624 0.9712179445734148 0.9713728042806281 0.977904357784263 0.9806169060488314
0.9705706567393981 0.9724133154025718 0.9739536079580617 0.9748726297239334 0.9764339108753721
0.9949136958352236 0.9957947065401552 0.997170616603525 0.9979566453780809 0.9999999999999384
0.9861031312833026 0.9879687929264861 0.9907124134070749 0.9912797502164055 0.9924831582258605
0.9851017057111442 0.9870641003996675 0.9880857054486951 0.9899032712215602 0.9901009807219785
0.9885079456684063 0.9894949704892937 0.9924678689689124 0.993035579941169 0.994300430101446
0.9835180630184005 0.9838820890947503 0.9839911955550884 0.9903395120430162 0.9909854591017977
