0.9783574006079365 0.9785103894389666 0.9793745478973968 0.9803763423746568 0.9814380968743281
0.9751919378087587 0.9754718367409283 0.975655818813877 0.9791070088924674 0.9816513262258113
0.9841959351572764 0.9847044957430584 0.9851389676216549 0.9875478048882042 0.98822837129751
0.9773428248502405 0.9779513717947085 0.9780364132261881 0.9785448389846283 0.979550365291525
0.9814008918914858 0.9823710333534909 0.984172826966665 0.984681202410985 0.9853691275976018
0.980918063697963 0.9835878489051797 0.9843495712656649 0.9874773318831119 0.9900612556888457
0.9841959351572764 0.9847044957430584 0.9851389676216549 0.9875478048882042 0.98822837129751
0.9845259579850503 0.9862582236564752 0.9863440533332721 0.9884218031678531 0.9890717957179295
0.9838447604533951 0.9851855704800963 0.9878485756023221 0.9893164706611318 0.9955519772234698
0.976580336114142 0.9769040930002009 0.9813084251027517 0.9825164721994768 0.9845966700429976
0.9734971737342135 0.974665491463804 0.974934974510096 0.9766355472585353 0.976879297648687
0.9823982372086437 0.9853733854423279 0.9905684094033795 0.9928627826447491 0.996191756254168
0.9197426986425599 0.9197599879406877 0.9227972142106259 0.9297894842146058 0.9323555625372033
0.9706006315905944 0.9827923020431402 0.98422166204024 0.984894231329512 0.9900568548306714
0.9763601714590171 0.9794756934687674 0.9798213768919435 0.9799706548549787 0.9854524274764788
0.9686029371852487 0.9712179445734148 0.9722879927430956 0.977904357784263 0.9806169060488314
0.9732320047810465 0.9739536079580617 0.9742621955616393 0.979377782670654 0.982403677359178
0.976580336114142 0.9769040930002009 0.9813084251027517 0.9825164721994768 0.9845966700429976
0.977735093845072 0.9792410338925992 0.9801581075516753 0.9809078311601176 0.9832016877831602
0.9820498852622608 0.984264773051827 0.9851017057111442 0.9870641003996675 0.9901009807219785
0.9836279044473486 0.9839741777936923 0.9841743267592673 0.9874572681782326 0.9894949704892937
0.9766249719418209 0.9811907749279261 0.9833357279299473 0.9835180630184005 0.983879410111729
