0.9743875884582076 0.9766034746786244 0.9766286185705664 0.977132783050539 0.9781080883196562 0.9783574006079365 0.9785103894389666 0.9793745478973968 0.9803763423746568 0.9814380968743281
0.9706656177452118 0.9709117502157966 0.9717427322241263 0.9726856097268841 0.9728758440736607 0.9751919378087587 0.9754718367409283 0.975655818813877 0.9791070088924674 0.9816513262258113
0.9796315783129235 0.9801537749782883 0.9808024698832102 0.9820894989056551 0.9826255513732572 0.9841959351572764 0.9847044957430584 0.9851389676216549 0.9875478048882042 0.98822837129751
0.9708882990443561 0.9713650170000767 0.9745267980523292 0.9754394137850885 0.9772314243020295 0.9773428248502405 0.9779513717947085 0.9780364132261881 0.9785448389846283 0.979550365291525
0.9776054273847077 0.9777851006193837 0.9788078934242024 0.9796340376833558 0.9810715373793051 0.9814008918914858 0.9823710333534909 0.984172826966665 0.984681202410985 0.9853691275976018
0.9775042486789323 0.9795618654526286 0.9798221329390546 0.9799299156222108 0.9800271502880348 0.980918063697963 0.9835878489051797 0.9843495712656649 0.9874773318831119 0.9900612556888457
0.9796315783129235 0.9801537749782883 0.9808024698832102 0.9820894989056551 0.9826255513732572 0.9841959351572764 0.9847044957430584 0.9851389676216549 0.9875478048882042 0.98822837129751
0.9743020358300696 0.9745037536412664 0.9751294597057178 0.9795934246049602 0.9833267621866633 0.9845259579850503 0.9862582236564752 0.9863440533332721 0.9884218031678531 0.9890717957179295
0.9781874173182614 0.9784471597462887 0.9788461398395241 0.9815211735166902 0.9823392323408107 0.9838447604533951 0.9851855704800963 0.9878485756023221 0.9893164706611318 0.9955519772234698
0.973261135016368 0.9740071006058091 0.9742107942297775 0.9748771508621235 0.9757549490042516 0.976580336114142 0.9769040930002009 0.9813084251027517 0.9825164721994768 0.9845966700429976
0.9697817617070641 0.9698610141913958 0.9701608701042855 0.9720660968346987 0.9721911399068776 0.9734971737342135 0.974665491463804 0.974934974510096 0.9766355472585353 0.976879297648687
0.9767752102257455 0.9801525550493484 0.9803076606340556 0.9813260362002056 0.9820677297850489 0.9823982372086437 0.9853733854423279 0.9905684094033795 0.9928627826447491 0.996191756254168
0.9150283644956649 0.9164913499068473 0.9170828247939744 0.918706807365397 0.919212036905191 0.9197426986425599 0.9197599879406877 0.9227972142106259 0.9297894842146058 0.9323555625372033
0.9630193677333876 0.9658966725055553 0.9666159949567203 0.967262003419189 0.9688742525327538 0.9706006315905944 0.9827923020431402 0.98422166204024 0.984894231329512 0.9900568548306714
0.9700767120829807 0.9724332712210928 0.9741006793805953 0.9750669175248374 0.9757917632160551 0.9763601714590171 0.9794756934687674 0.9798213768919435 0.9799706548549787 0.9854524274764788
0.9596694495375054 0.9635257174898089 0.9637670794952825 0.9641506440902158 0.9674421055897845 0.9686029371852487 0.9712179445734148 0.9722879927430956 0.977904357784263 0.9806169060488314
0.9653397525906359 0.9656503049350615 0.9705007549333657 0.9726966524242009 0.9731340080970956 0.9732320047810465 0.9739536079580617 0.9742621955616393 0.979377782670654 0.982403677359178
0.973261135016368 0.9740071006058091 0.9742107942297775 0.9748771508621235 0.9757549490042516 0.976580336114142 0.9769040930002009 0.9813084251027517 0.9825164721994768 0.9845966700429976
0.9677753673973399 0.9689949685333274 0.9734203116997631 0.9739679899783755 0.9765346084429646 0.977735093845072 0.9792410338925992 0.9801581075516753 0.9809078311601176 0.9832016877831602
0.9748650185636135 0.9756379897099625 0.9781826142301859 0.9798093239335386 0.981011685821642 0.9820498852622608 0.984264773051827 0.9851017057111442 0.9870641003996675 0.9901009807219785
0.9802345873452829 0.9824454641128246 0.9828607849791365 0.983059307468042 0.9830875475914957 0.9836279044473486 0.9839741777936923 0.9841743267592673 0.9874572681782326 0.9894949704892937
0.9702192837758407 0.9714769350171697 0.9743656025402767 0.975562158534956 0.9761774687582974 0.9766249719418209 0.9811907749279261 0.9833357279299473 0.9835180630184005 0.983879410111729
