0.9781080883196562 0.9783574006079365 0.9793745478973968 0.9803763423746568 0.9814380968743281
0.9741913139260583 0.974629100957835 0.9748823071344925 0.9760809360756832 0.9787711295854029
0.9712290602176694 0.9720411902702875 0.974631447520296 0.9747479225336846 0.9767711192472222
0.9751919378087587 0.9754718367409283 0.975655818813877 0.9791070088924674 0.9816513262258113
0.9739850821468883 0.9742278586753392 0.9787781017809003 0.9808082230304453 0.9824708351388916
0.976100254301008 0.9761978211900056 0.9803647540299807 0.9840992777148676 0.9864531926713597
0.9670125071126823 0.9703470538368435 0.9707858999239241 0.977791558480029 0.9800272546405628
0.9670125071126823 0.9703470538368435 0.9707858999239241 0.977791558480029 0.9800272546405628
0.9768067594584433 0.9776334021368847 0.9856289604930627 0.9869262905021231 0.9928566667190937
0.9782079190481721 0.9782411596271163 0.9784138000726755 0.9790535719426692 0.9810614402315918
0.9779147709520012 0.978682597729559 0.9787251457956234 0.9809332932765942 0.9829673419899698
0.9819002295108166 0.9831509191744099 0.9866309553541441 0.9870940662426699 0.9874461573211039
0.9851389676216549 0.9865736300299321 0.9871723006848967 0.9875478048882042 0.98822837129751
0.98109582203006 0.9815787567999096 0.9823477607582087 0.9824796079361762 0.9842333399768135
0.9773428248502405 0.9779513717947085 0.9780364132261881 0.9785448389846283 0.979550365291525
0.9798521633635077 0.9810715373793051 0.9823710333534909 0.984681202410985 0.9853691275976018
0.9801490558691524 0.9840541960041003 0.9841986888436826 0.9848026142767979 0.9848663381767782
0.9820537242252045 0.9827960774447038 0.9842195352587217 0.98441733865984 0.9848014418830509
0.9783309842116057 0.9794417129409132 0.9841277093860714 0.985176904547586 0.9870048177927551
0.975185683414701 0.9781197548763386 0.9785262070025607 0.9806032293501334 0.9819451828320696
0.9775506575911148 0.9778789548148921 0.9851612745420097 0.9873371300271316 0.988621328955117
0.985188669383829 0.9856928952454976 0.9874773318831119 0.9883194158595503 0.9900612556888457
0.9851389676216549 0.9865736300299321 0.9871723006848967 0.9875478048882042 0.98822837129751
0.9797755388959681 0.984444714456111 0.9854525169455117 0.9854702650132336 0.9857277864316487
0.9737314532919477 0.9767345974745574 0.9768340971116471 0.9801337856772395 0.9809619253586619
0.9817279629076466 0.9824347211412279 0.9827597991312618 0.9839887973679042 0.9872720637570462
0.9801490558691524 0.9840541960041003 0.9841986888436826 0.9848026142767979 0.9848663381767782
0.9578271893815896 0.9591176433659478 0.9591450854113975 0.9639768316219197 0.9656263768481301
0.9798279021973324 0.9814130431645367 0.9816494836783556 0.9835437597413216 0.9853101656680727
0.9814991027895088 0.9851993011429035 0.9854680873133046 0.9865946292131208 0.987819789186905
0.9833850960246375 0.9845259579850503 0.9863440533332721 0.9884218031678531 0.9890717957179295
0.9845241005762461 0.9851855704800963 0.9878485756023221 0.9893164706611318 0.9955519772234698
0.9799918374453417 0.9810820133458358 0.9825220975326188 0.982620289498324 0.982793575082288
0.9742119328092795 0.9742718770365257 0.9812411929712765 0.9812664545594324 0.9851906123903444
0.9812384035113222 0.9818518353452004 0.9821066767363296 0.9829993219563027 0.9894870819538789
0.977078269072228 0.9833451723892637 0.986732505135827 0.9875176948908326 0.9895962490653856
0.976580336114142 0.9769040930002009 0.9813084251027517 0.9825164721994768 0.9845966700429976
0.9756361495999804 0.9760429667674144 0.978316746357855 0.9786409130999937 0.9791048213200721
0.9730287865089612 0.973252060768448 0.9734439245059545 0.976315904377879 0.976714803513104
0.9746758885715656 0.974934974510096 0.9750167556759032 0.9766355472585353 0.976879297648687
0.9720677811360883 0.972520293920633 0.9727750728583794 0.9756519187155013 0.9765862631552471
0.982958589139787 0.9830033523014235 0.9858598982312947 0.986482034633205 0.9869344281711525
0.9881654926286507 0.9901451201548844 0.9905684094033795 0.9928627826447491 0.996191756254168
0.9323555625372033 0.9351240005864299 0.9357263921497196 0.9370308593317008 0.9377057316238668
0.9775880093028209 0.9807667166572136 0.9822050676311604 0.9822210505797206 0.9930558360470287
0.9660454428511722 0.9662328632290997 0.9669594476125497 0.9684199134226927 0.9685731958984671
0.9900568548306714 0.9916112582650468 0.9916934065198696 0.9927217200408192 0.9999999999998741
0.9757917632160551 0.9763601714590171 0.9798213768919435 0.9799706548549787 0.9854524274764788
0.9758880822413466 0.9766750072686201 0.977904357784263 0.9780374861254276 0.9806169060488314
0.9732320047810465 0.9739536079580617 0.9742621955616393 0.979377782670654 0.982403677359178
0.976580336114142 0.9769040930002009 0.9813084251027517 0.9825164721994768 0.9845966700429976
0.977735093845072 0.9792410338925992 0.9801581075516753 0.9809078311601176 0.9832016877831602
0.9715472393176054 0.9716610635436236 0.9724907319829361 0.9743932370032877 0.9754782200407401
0.9671418104609029 0.9696634337385532 0.9707102741599829 0.9708912975946538 0.9731507685177048
0.9821385472601871 0.9822503784071686 0.9826806711510538 0.9829719829101514 0.9854496694090051
0.9820498852622608 0.984264773051827 0.9851017057111442 0.9870641003996675 0.9901009807219785
0.9817324905805033 0.9818852911578062 0.9825534717516353 0.9835496101698966 0.9851054392514513
0.977078269072228 0.9833451723892637 0.986732505135827 0.9875176948908326 0.9895962490653856
0.9770731053949465 0.9798444003279916 0.9827881137082547 0.9866902446662396 0.9892313756366102
0.9778330585328207 0.9782175208539279 0.9793913414550405 0.979895789073798 0.9807647690569997
0.9782115891673446 0.978603078299416 0.9793758646093522 0.9797249318602814 0.9800718427669146
0.9824630457910339 0.9837220099074313 0.9878553410159086 0.988431261067575 0.9887851061707985
0.9772845974789224 0.9814174825119795 0.9815853190923338 0.9819685939276289 0.982634916799138
0.9830875475914957 0.9839741777936923 0.9841743267592673 0.9874572681782326 0.9894949704892937
0.9775802108327691 0.9811907749279261 0.9833357279299473 0.9835180630184005 0.983879410111729
0.9782115891673446 0.978603078299416 0.9793758646093522 0.9797249318602814 0.9800718427669146
0.9799918374453417 0.9810820133458358 0.9825220975326188 0.982620289498324 0.982793575082288
0.9815413308893643 0.9821052660746604 0.9832064786895096 0.9841848979306278 0.9898899355079787
0.9796924687222968 0.9825238078355328 0.9852224374710968 0.985902529009786 0.9886633820252222
0.9754982257293592 0.9792981380590304 0.9797205767453583 0.983085089035546 0.9835907469407605
